975396692
906697591
502216420
889501609
991374231
770650614
990481810
919010447
905261052
931888800
951661654
973849694
507151313
905650052
901008781
919793543
930350879
930370893
945995991
916990403
975224878
933501021
934922779
953330820
999572695
905587778
991566012
995479492
940062468
912111979
331876009
978720301
943008429
933093187
912000917
880122266
995298428
995526362
990375186
997292087
945765235
979136332
905083239
908572311
913187206
997784353
772506115
999632158
919568099
911110152
950219444
937204748
975884453
948748950
770289409
975651971
930652537
975857282
916016862
946664965
992215684
941599291
919565766
905649663
992731381
883923083
936754890
941425452
904414135
932412143
934151719
939780212
977998100
935759606
932823253
907114659
903313780
910348616
904133575
994587543
916860102
334770058
885682387
907597515
911097540
983026194
991669959
952000208
991418421
942438925
992250284
906253737
902446259
941034502
935894788
995090248
911688559
950582014
909962598
949051470
995178838
996239187
910144552
944331215
911309908
932567872
913680369
995443151
974779208
918109341
995588500
995320240
901625121
905477375
944040070
930717369
943567677
934150003
906321782
999413125
913358330
914246363
885990224
931789286
913451385
933534482
936198485
918077482
937742713
991926371
881689626
970256252
932151182
906001900
950680187
933133232
903871420
938928200
998338881
973908416
939330117
995251698
905650526
979951513
992700390
712916653
995930833
971340565
933045507
992398190
902723534
990622688
951718783
904059492
971172221
985732566
910609575
914751021
994304506
945271958
939010902
970008613
903411051
998378840
977242728
938141344
772752030
901667481
994046858
945931396
917005270
946766626
947057810
915122684
881601661
742282834
942225774
903136773
933190103
990416058
933565668
941082528
915765008
752232772
936307996
941225156
947650419
933661374
888460012
995503830
906323744
933404559
991129032
950190002
992080330
948627000
755239010
883132224
990077891
912124241
998638758
992242021
914731627
906163393
994125008
930787725
937084220
881768985
904556330
943378228
933706986
999211958
998507985
935340704
931850381
712454728
917364341
950735387
994464666
942218389
978629294
933039241
906092297
944654445
995571799
973314321
914718191
947529559
501035310
914374436
882438487
904256202
911175475
947586082
917102218
901942593
934324020
935092686
900236733
933168922
906346081
933583906
911585296
906531560
905809780
932380857
900908281
945423933
948829287
997720012
936329110
941269340
993348460
995376287
881450071
902727297
981116016
933370444
777089810
884281086
770559088
973247881
997622363
944329191
937212682
996382961
886707578
911932745
934818087
883900057
993243935
942771021
908608265
991455429
943610686
976441012
886892017
919176022
945492910
936601312
770721951
909008901
990178105
990770182
938298402
910201545
916783640
913871596
932921287
996605146
913221819
936530162
945659747
937993609
975531383
940406707
931159201
995116162
901635351
905690153
931540827
999795024
919662814
911064165
904718756
933177267
901657699
934040596
901220862
945628712
919100368
957102610
934354042
900562162
949191937
888058600
939430550
999769213
904162620
953353444
907470180
919247921
881303024
933437824
995651061
992584640
997788933
936518012
934359548
990981172
975140661
914511546
905191577
938394737
972064671
958171089
995552181
935440311
990031141
936296720
973733113
933395570
752251735
998878614
906585720
978772016
977155089
882793093
973581568
958034349
991551386
505030390
935672784
996730586
910045702
958870792
905882183
905558386
902444059
905372301
501099888
995020161
974737883
994200206
913545089
954443089
994837484
931253732
880691939
944700328
991355972
945899027
992620494
973378107
972333882
932253367
930544998
919609882
915898285
903633747
911528291
936973463
934797909
908993493
996763091
950439881
974204540
501028683
948220282
936352608
913526751
975517903
977348880
903370412
933076724
931444491
941872987
998858676
915091722
935920316
972721702
934075312
902188173
942403001
996027247
882866561
931374676
901706623
910365655
938422162
939659492
947590569
976270189
932944479
933351379
770793839
931089874
910353022
934768203
977352560
996202805
931484334
994882811
770010227
886428286
935197372
906436661
954495559
936924236
905090683
970601883
939585059
886807703
908482970
932208803
936377572
904077416
972228706
903192242
997942642
999411489
933779272
770506717
770219329
902420957
883308281
942615757
903653858
905671454
945546660
949395425
972365157
885593003
917357605
930681716
950716682
930037873
990239428
951589189
949443604
941661068
935874849
944167726
900530184
972181957
885715007
500059715
942660705
903477762
937996999
930367348
931467725
919388575
912234172
903529087
902119771
902255565
933481693
501077112
998206011
934197440
944144050
944082780
907692924
902298036
972781269
936501429
911032427
884921479
974109100
934981685
889336310
915183797
910778084
971907075
905818545
931606222
946896525
912843129
973766061
500761179
937538772
905108386
972536772
904783233
944256050
945332262
975337575
900233483
771211196
932179183
912850093
932893732
908351894
913891440
991256081
940511012
993600570
932403100
905029086
904250151
880393377
949230461
942955565
943035357
916351106
991302455
943336104
770062717
909606167
996199465
999952551
943621430
946117660
947520976
941006941
915786296
883193656
938070111
905317232
970497100
934949399
930533912
915668271
940688987
902700370
904031986
994977552
919460533
905264845
918130181
933963386
944912526
887923989
902898938
930904070
939461789
945277135
995537565
933041067
998688755
912978474
900918144
914452209
907753991
933015621
993192263
919229001
938908985
905238069
996213382
712938329
915114882
990648411
971399454
930033935
916879831
930399194
903066299
950521963
943541565
915450589
993115070
946417202
993489679
914824646
908321245
949286560
903096539
915480858
943208089
951090785
991785351
975868713
935657854
974224008
919480355
911278031
915115904
956268606
935108280
941225250
949423382
997460430
888973797
934017126
930816702
947934043
970807374
991540952
907819398
904301363
883242722
979240388
990720548
882993030
970906777
997316774
956329111
948660625
913025862
938652114
990242153
889756696
945481779
990599058
930617878
992221193
907201154
930062916
948501560
974051227
901618180
973888369
936461988
903583214
998234129
944672527
995983060
770760323
883086001
919015055
948260600
993861962
949807101
939430440
931139972
916532048
902990177
914321893
999505053
883880885
994050476
912790464
905176228
991410257
911318025
946729011
919540440
990682325
976194645
916382010
916113437
881007882
942763452
975540775
953408585
908949139
993198300
942926402
946768805
945106050
944900275
888013709
905935452
974217595
900290730
999588099
912990787
940384844
903879629
881068794
946768841
916941463
888936797
951110815
935859841
998090216
938040737
905652727
945991084
973801908
947831833
991533050
952601345
902071764
712516609
946034051
999160531
889415555
933190483
889103006
951505026
935330409
906750087
888201949
974870757
887073292
902919208
948091414
909276447
930879589
885850176
932890261
936073406
950785919
915823061
930583000
934276655
979595207
934626874
914867271
883199070
990100049
972800402
885300796
938782274
975866228
974002473
993603475
940469604
990149490
908799165
949922577
972290919
941081533
912220976
944350701
979248226
932044007
931211154
933483092
997171757
888072026
904052676
915566054
951316262
946522581
889888856
936806264
904660246
883400206
971511591
991506079
916378210
889815553
901591515
905076755
940465878
914340633
913278917
902081603
903004192
952525753
900737977
994376801
931305335
902224242
902771923
941285227
913047557
977298568
888741505
939421819
970660030
916696686
950272870
978144212
946050689
991789566
904798075
915544150
990099290
990723422
915470987
935803064
907415818
884724445
887680415
712984949
940992919
907888107
938039013
930738633
913995088
930061055
970019188
908289591
959928414
918292709
913498480
885379297
916727258
973954556
944822681
939312487
912846395
936936474
995065892
978925565
907656019
919650721
972321507
930043887
932183466
903456824
934820007
903207369
941019150
999574656
998222007
916846704
911097068
940109065
938228779
500025781
999554205
937584151
931198331
902324712
950571107
907780436
937883732
902104416
905633420
934440961
994193216
949381679
972330983
979122724
936649100
932803660
888404373
934570847
903865005
912037151
999545034
930642189
944423113
990464667
883883680
904248009
939164212
905208302
999943004
990371488
507190084
971151222
930518371
990998892
942800155
992029809
991263011
919560844
950822419
940120620
910453837
914041140
915784401
916240894
933179525
993843372
991918871
957780130
975252575
944344030
937753525
992156198
938136212
905611145
900195098
501000924
958898283
908709282
915060140
950110497
998119700
901231444
976175510
998065215
972152440
930716402
906091546
911515070
909884684
559000690
939170473
904580218
976332696
995050894
917330873
908061088
887932666
906278408
952115797
953707884
958856664
998103234
940412493
957931772
931951066
932809511
959033235
997911084
936131802
908581696
937380480
942444353
908515780
901588685
904440629
885681808
946672299
905558664
930943392
970162425
950335651
994918007
692275057
977998391
551517848
907502004
919156355
770691415
934390426
905884484
999104002
949197469
994404958
888662506
915157600
902452173
902175929
930837879
902022110
935143121
990953184
930358191
932833547
919761715
930650618
913308630
919002525
945873304
692213428
919698416
501030708
902749195
941953784
913953001
901039670
994315715
911747291
952046029
935486868
944129977
917366576
906338074
933612999
770221880
975672705
999051441
994333435
992123630
770840808
883774247
983061985
970719722
949590401
914825434
993245659
904472187
904443226
976499195
973195658
970490570
940254443
937087759
941430150
913180958
995163562
933518043
936425303
332940087
937447724
932222303
948502688
935578077
942020239
914920446