918620810
932620200
973569389
997230216
882098187
507000201
993221556
932398435
938375860
977652952
990756975
901604066
907864565
931892456
990014081
992318484
939861075
911464264
990667975
932421380
930648729
910450270
912011606
999499393
941822040
934588509
904761976
914424442
950100673
916188078
936360879
994400434
947906701
911838089
936591127
972962697
914612864
991550096
903463940
908679293
931625586
990681254
991973403
992335244
937034739
945104096
997108176
882150034
911285141
934972009
937396465
934725335
947946660
996101759
978592305
915922928
889144406
931878816
888913431
943715551
901231992
997527985
770520566
902976065
950491925
917378487
908116117
902882421
993850207
909216507
993942451
916370680
999744919
975670881
996716105
937410282
995185351
943985999
931454888
908998185
946745655
904242172
883655858
974515544
905374733
951621072
973888109
978771700
941231769
996702802
930080559
910128161
942478776
905842433
934614294
944200476
935463932
938221003
937554782
995087309
948946535
993281917
993616977
996762517
902135529
900131882
914270437
884666233
932465570
931580255
939443240
501078789
916525773
977878827
990629228
943094563
905115526
936502578
888671514
950084772
909856480
946421251
992482780
992840486
942039222
886641980
931626599
900117397
912922660
948350712
908922011
903451198
907676648
902999212
931880694
999760700
973999707
992423229
995191765
772708483
937714687
908050735
994457626
918118457
910133091
956587173
937769094
882677227
904221610
972746556
905485655
914305451
946251199
932465919
944958809
939670882
974122852
998759487
942350202
997816044
882081007
904242215
998041772
933028403
957501064
946828828
993388207
904122018
913482010
907425487
949041479
972139490
994845575
944568808
911053736
990773716
952202998
662251582
940401381
946580792
940323217
887918790
991385309
948992848
903660946
882481956
935794775
917710608
974580889
959461115
907875566
904066516
935280789
914482745
901618281
976792926
950511224
932091692
915066594
991824041
902737086
919092290
905460944
332671978
992494429
954055455
938911107
991964288
996793078
945694989
935911784
551525224
882263738
912627492
887154828
993128968
885131359
557011462
995382018
931629110
911110793
917634252
915388686
939166643
916791670
992380694
973009496
919497989
997930692
902519401
908463540
905816221
951548784
992812330
945328443
919526153
933557594
930503275
886551387
946490285
995059408
881185253
907367423
771081960
932118859
904270664
909904182
941032731
905170890
882480822
996788827
996115754
919574006
939279101
912305477
902988379
990176641
882105359
997514491
973839515
992435515
976601024
990722869
887070210
914731962
997504108
887539192
996224612
990438055
951081606
978248483
930044792
992994505
997431808
886861119
944046004
906559044
993996651
935038694
941770820
941721713
946789252
908712108
945740953
938969211
696523928
931310364
939860640
975146165
940050138
947612521
772841626
945895886
933633973
931908083
904671917
903614472
936257131
930382044
933556687
947611309
942649586
956608510
943015211
977855530
904497585
991455860
912103392
915371214
914515109
936930888
889116716
914326904
992368126
937153134
999799309
919208170
990589557
948227080
904724726
903698891
908312751
954748479
770223027
945569832
901481193
912883303
971520158
916350890
943009541
911613982
992279721
991879212
940282666
993142082
902293387
916842544
906252258
337340704
959291957
979852104
970430646
905217604
936338881
938530686
995430690
974217876
931346286
933318992
931549083
930517805
884087535
979719944
978821284
911140575
941335350
772689525
936231057
915564732
932407357
931193911
947367474
943929280
945253086
505036672
948395550
905680566
906745796
880251045
943062372
950566878
938561550
903684676
902577581
932407504
914720560
905377588
975511033
907122390
882705057
906447471
883545251
990319867
995861338
970511470
943171491
972452530
939107818
911103460
916818049
931573088
882330036
900153656
555030468
886519303
995773117
995596364
937024020
979546633
904917868
934101414
931922091
994677464
941321991
901618130
992536803
996241782
959497585
934723550
900240874
944017306
950030621
995254653
952223641
908714796
933980925
941522909
935653332
941934214
979291003
937661620
904585893
946255507
948155088
983043007
999666605
997956554
930507841
712768499
712830869
998351011
957173013
949040002
903703939
903670592
994138417
933730194
972781132
913591190
933075956
919688392
919704377
996141564
935356361
930047667
939720959
712581717
931106002
992791555
943308887
955528987
918822120
950570047
777014737
993370304
905134543
931421709
881916261
916959606
939922098
551519344
916962482
908450673
937753700
997378926
933959621
998571389
908364945
974120307
970710648
932494666
930963176
994277997
993321042
950729909
942041575
998953627
992905548
993899190
939119819
712695656
943787573
983038003
950003533
979631788
942358882
932961655
889717972
885008272
933592187
941944947
909450250
553514205
919242271
883112294
990799542
904002312
880146667
902459816
936640996
975999109
913027839
934203234
932223296
996602048
998542369
939379993
933880780
933598087
917317271
946843240
942770026
914216098
979627101
944028724
886177400
885240313
770570567
991236585
936801091
947293469
904720807
932295088
995304793
931755708
505702018
976722545
906169525
941220218
933680478
712184265
940249698
908611941
998179390
979513411
905866464
907155509
979991492
991505904
991868519
940436885
931597720
880362939
939167828
939078882
881524242
973172015
904196002
974068797
904183933
990138581
996800326
933399503
958090961
881461009
931049107
937299062
930723130
908322907
942599992
979298991
942327047
995251360
912105683
770207076
959899399
991605991
932611482
941047971
883797790
996567522
991586765
972570785
933658762
975866803
932009694
932311603
946075957
905170907
881610804
997185082
914736640
911316340
995715018
901335242
900974032
906134848
993498883
995384000
994672176
939961727
945243325
918580288
903818168
990454112
945079977
912271736
886607210
950230014
990088519
936717983
975549082
975188306
944158515
995963008
994099272
883994283
997652025
994707424
932451026
915047477
933056828
935415549
917096448
942043064
901976809
906714959
950214224
978931180
943147486
943438688
914180744
937440515
933488802
993083622
944540046
979212125
943921109
990766288
952125357
914191880
904272573
975810350
993416070
993890082
945103090
973168114
914376566
914710820
973280565
973445150
916691171
943427500
930891120
888946336
943136104
937613909
997758540
942462000
914403014
915590415
916928712
995914196
997000580
919025696
958552363
907878611
998273914
932886226
915666427
973812106
992201476
501082120
905316982
909769898
999971016
936066107
902751964
992208684
904772338
913049663
941927555
933237477
975221223
931959534
946540317
998217126
914582062
906467214
944528082
990624926
919453832
944521278
945809385
946151875
915704340
999111520
913224841
951512485
901825025
770214801
904760012
936620750
953338296
945831962
906010522
938527010
915874406
950610682
930362737
903043575
942237919
947075771
902061365
937768992
940494493
911307060
904188824
932070018
937628552
974367936
937275096
915915707
996711948
909859001
915541027
990557461
931392107
940026039
883722144
942589621
995787541
942511022
902775636
912430672
977930092
991476166
930800472
997307764
735291010
990980449
992170554
914214932
991987924
911410549
947140162
901496264
905424649
953776003
990513032
940799488
903641792
991061980
944758138
935108480
919535385
888039386
936290392
882500358
971001288
912910507
979661222
914884070
905183018
945086681
975879093
975599891
913971742
990615789
947410388
901691992
936690059
904569693
990948082
941528292
975538683
937942894
911195052
911610641
950043926
902228094
901700569
972360389
901790826
942390339
950910116
905575956
712436401
975708858
942361124
943100412
991213057
994540307
991452100
981113223
623252380
912161715
914161576
934177353
901930822
973416300
931577915
977209585
992879713
933061561
992125910
936377380
991071335
937171726
911146815
937669092
957574342
901993913
934677221
935280616
994680924
905784842
911231214
917155663
908310593
996795888
941996300
944771818
941398383
990914787
945718685
979534483
888526061
935333900
990268308
696521128
903717454
973860562
976231212
911150557
944266517
946235009
935995458
930428557
973260509
974350542
936272040
930519165
938270662
694210697
938877079
938479824
931108487
997838508
947846770
997910388
992637772
903625982
880181899
911869807
950241611
991971791
932746778
901083152
883503194
975521525
911259163
993460590
936008002
911297930
712942259
904021985
995780967
919946469
902302320
938912892
950152440
933180031
997527689
911550748
903428388
932305565
901422684
939686088
978622362
905611012
937240187
906365750
930405257
976130743
996181122
912992237
914316005
998571131
942671086
886472771
950337772
941616801
933602004
901917715
939531484
943556971
930050130
973833835
934291571
992983132
940133324
977905960
712694225
903094775
901511340
978599029
995999889
916501493
916961747
905337700
996236310
755225210
949775204
947430577
941504043
903020315
934991954
881273087
888461144
889187980
888687844
948200183
946187637
996818641
972100087
992593717
902311211
933200859
908865987
918107672
906345336
949043307
912005347
880166008
914630453
918124164
910144706
941402290
945535557
888445663
935691440
993069131
906671994
943949442
943158190
990772584
904103736
917194299
992821618
934026499
914730755
882856467
907297929
887971440
946172732
692281518
916634260
995870991
974143694
996586770
905303594
933444083
933357874
916645951
998705568
999957980
994337780
937442759
979522412
937094115
914480072
902498212
942203553
904568177
930758780
931499515
990989571
940346061
912703407
990329123
914755352
940573677
997741653
907635131
938120058
990059396
912731342
936591786
933793187
886399196
972882289
976050906
933177873
905555223
912015370
951381821
906671079
958668700
937937164
934043101
997189995
939861000
976018089
996126856
882058690
500038793
976165882
500035650
937032332