993688780
909083576
946716535
947521892
933241057
886658488
992335566
919025611
977227989
882899922
886861680
932116992
500533468
938992888
930790941
997840984
885922656
912821703
937582185
907378477
770007877
505033990
930763510
916914228
910330879
935513332
959797515
771003013
883400580
946680504
934312887
935398177
900138200
970500681
888007031
932659590
940711044
948286009
994378834
990419997
906029969
975491199
712442550
945179032
712442437
903274033
903951949
712654752
904292770
971169014
936257888
939409994
903363262
901271978
975220354
943130126
992410477
993399499
997557286
930366720
903776299
941800583
934822179
998621021
937210182
914011670
916104491
900685768
908847369
993359982
930457684
916466454
941011235
993922379
914321776
944885850
942671580
884818186
955254166
930964073
955302197
903579524
931206445
995154791
997963832
997555459
999795528
931320989
973660051
902328738
505795012
992939590
939429218
996490786
905221663
901218202
937621785
994215254
910281108
996650423
918113954
991415887
931222593
938451341
999645702
990157153
979803285
946476977
908692682
911394523
902827232
906910112
908990632
995340280
910910022
881681878
936629293
910809646
934196989
996955719
902026563
905849202
952259190
972393113
915280481
976913117
979534480
990851383
932374784
901666233
958033933
992407686
995622601
991182171
882859009
932402840
908686905
912339933
934628724
976065457
500532014
976729690
947697733
916093046
992436432
903007582
942140111
507191575
901371550
946797272
972378788
977454457
970008484
940355581
916323772
953604606
712989880
931441372
934302261
912976889
992119500
930412005
886660790
935031297
914137734
936901817
914036657
885099391
991700309
884069686
904718194
993575491
902324549
885001165
916308885
957759105
933671702
997506981
957780024
889721966
885622426
943882326
951561600
997960916
947397177
934191311
971728790
931672528
949926711
904961018
970710166
983607161
971542555
980700005
917838508
772718681
918129306
914777596
949071650
919631660
903081273
941261893
914672530
956709771
934804267
939650052
914194758
933911987
948238610
505033014
941600927
972303996
916563732
916514660
958056585
916940819
901949049
977716200
932328081
908524767
949371773
907640690
942211009
918333539
996331728
972340453
913806106
722266477
944446305
935717728
907244662
995936635
908649097
916721532
884230491
910406191
912280181
997346757
930856013
942982922
973159910
949973017
979421278
938101689
908929697
997548226
900239603
914536731
994392285
991907609
505522819
932908087
911501865
936549126
975729172
947299420
938483138
990976087
913022401
977190079
937239319
938178684
900377389
914737490
996739886
952302530
900709787
507062192
974570974
908978382
888102393
930698331
901956203
889710882
944540408
993741612
944867819
938892683
902854287
998613351
914827420
995590030
558011155
978440502
889049294
972227150
915813289
909398874
973860698
996701723
930629108
935700627
975980710
917400734
500037415
958800022
979068005
991886880
908352907
977115803
978951978
993640685
946362683
915556409
902208213
939015350
932022561
976170440
992104087
881062242
905350563
932391908
990633089
998761780
886521718
933400943
941419903
937133090
901509181
978080694
947368587
902412818
975329697
903439645
973852542
995365454
912847276
992764188
905071694
915200054
949912808
936780983
913443661
916452211
946470190
930425279
916052008
945718169
902445933
939329200
915552458
942271970
933088110
770061352
933926667
999667023
974402401
946924655
955558597
914027171
930752312
882340773
931853455
947723107
770948783
915991509
990048487
997004875
997261064
937761587
977201251
505019328
944001354
953370327
900502068
933464243
932873710
905499383
933295863
939074807
934401241
998188428
940706166
911128242
907525799
947158120
906275009
908706321
931199847
909539980
884827107
712818230
954460604
977653774
933270459
974442340
937223944
935377417
916604259
915398973
911328880
903114636
908289858
944275060
995584630
934741219
994475806
999400301
916661604
907423785
943607017
885532355
931308816
994426842
970500407
979177515
999983982
937552967
990466266
886774877
941205753
975595458
906595451
915297360
903713941
938341411
770840420
916983832
974185456
949244553
889971411
903630701
940534845
993198380
996200304
931007351
979352282
912211731
888078006
940428489
910809855
946651521
945137711
994497601
946541958
944912618
558037078
912200776
505710172
939046676
936201151
993043056
712507070
907778180
937565784
991545858
948501188
937842661
946640023
972246259
902651993
979404738
916565162
903006055
933290185
940438988
997027131
939690313
972199308
972420212
931941983
931478440
947230280
916021157
919223597
936478155
889811887
930567023
995465842
935701422
996478125
991224702
917318089
940032808
940254005
900553428
655037217
911091049
941399105
918281783
995135757
900762738
994635881
900753390
910252015
976365657
882773176
942135183
973454135
949768785
905062513
951521144
942258177
992409433
937021797
943337320
944701364
933068610
993848418
974331279
881721288
948673222
979550377
909619111
996077799
943979939
945555829
770551957
993936841
942211976
942380211
932662268
915187572
945636332
990250590
990516434
885950498
886630343
940142536
916670494
933593461
992135859
901201664
906772961
906270533
905865263
991148492
884737880
972940506
938083704
883888865
947225974
957808458
943650092
939308681
947077582
915450497
990984779
947582308
931125789
932494548
500050741
915363353
915145545
930475928
906678848
993654018
914991205
900110704
915821910
944552785
918143668
937521572
909019300
902936611
905317989
993865287
556031282
994639479
973930098
908322075
949940222
938181701
940765585
936665939
939499293
935092813
977841099
971998137
990833852
889512112
937942800
933506141
936759287
941559868
940335852
991744551
943068688
938890739
959031260
954142524
907458292
902066362
992640156
974753636
990602298
937546052
992608006
944881957
932368812
931216591
934189510
942065005
936047478
944087558
995414188
945237694
953374342
951558689
910547121
996675677
934410144
934915787
882993770
331110031
933270763
994876509
932536267
936669094
999158510
901921545
934075961
882233036
505510035
934136507
987002015
992540688
885270706
994380957
934762589
974540887
932563484
998305562
770212557
907487198
996195770
974642455
942011615
902966101
937148787
946659587
919023496
889305268
997152920
910409923
998498300
932224849
907581355
952273818
991270275
996878393
912140018
882727330
778781215
972223251
907262601
975765776
912014886
932408473
945111519
507122016
944970205
977380875
973142588
942196109
951828894
901730167
886806064
885475152
905338413
880868778
934938728
889300355
950836077
991385840
997527839
915888581
902899017
907602234
956090100
995081393
902540790
887431333
900572170
959605599
979344323
913004585
915126367
933098808
976730151
912946801
940202370
901628981
915105951
552518491
883890540
996479998
991901005
935980261
955010530
916446383
997197067
912815158
953327477
932851772
930573065
935842728
883133830
883511414
976348089
998045566
990398582
993362023
943380733
948311960
934574724
940391981
885592959
935280893
982001612
912312339
944322114
933557656
944391491
991237288
937268363
507247876
939119184
991603227
882004907
913727703
903825755
888308680
993433829
908160756
950571207
500755174
881520977
915761389
930534546
949002985
904074439
990388349
908396962
931580561
937073301
935776888
949301085
917725887
933152426
905360110
939754947
976310083
917322102
934050285
904447600
885951287
938484262
905141899
941027339
905022505
944604781
930353673
936324408
770670898
999353297
973185753
973430177
948913222
552528189
902855854
939643932
882687222
905839545
940352332
932307715
930631614
912338110
917193581
932416225
904492429
953770463
901041007
905660224
942992487
993033359
915661725
991607383
992975978
907127516
931013985
915567966
945909497
903993910
994909390
916813688
991643242
919032608
919708091
906210509
970454474
946825078
974405083
991334198
917179330
936324477
937035301
952520605
932326720
932450529
903111300
914297068
932253193
910552118
902573638
901424161
770422737
937631894
917199397
996360909
948679966
976244008
931988891
907157468
911381762
992870687
912727403
907095752
916357125
996193134
944341887
992488174
999850508
919070993
910465631
901575344
943059525
916486837
906281965
940404146
505033639
906330793
911445414
907781995
983031884
943632787
936822029
931101081
930468516
905748703
940070083
930085864
991253818
901782508
932311478
936862283
973368286
951660411
935701912
712970172
913872069
906150971
937685456
995900060
901978007
907408898
979212223
970724045
975772258
912884415
914809905
937123532
932225152
916824145
992703510
992869818
886177988
931042820
975884358
889208386
906417674
992301853
936700263
943893439
902261677
997134070
940254347
777096929
903618358
976439599
945012389
932764408
914411764
937877987
935745292
979232629
905354546
919670495
937574727
972935325
946500861
991214183
885799094
910744705
945088861
707230277
901014522
994041052
943711475
939881586
935961214
932552502
914835688
930466215
909708287
991299037
991816866
908606326
911192394
932592629
996623648
995282614
937325958
978018020
883057814
913286108
889988222
944952394
507213300
941760023
935658732
883050717
985001591
907339921
904608207
946064476
912070253
995701614
931795077
945482596
999228282
916463379
933518407
931038691
949766122
999306474
940107242
941400145
911516710
933103178
940461419
931856908
976323093
954127222
936895303
909600102
932203703
972480809
937784211
994775928
990980659
993132594
993511207
936498902
982713555
990638304
908798519
997433948
999551871
918222305
973974904
914841860
979010785
992860703
950847608
945634707
935353656
935042266
901441528
941281584
999096144
970437300
936268197
992097170
939462028
883029991
911464782
979002290
934249676
910286002
939148102
990935044
914721204
996116924
915564996
918127800
938120261
947847519
972883272
885782595
500530602
883770712
946461571
945050500
949027227
912159694
943565256
555191545
979272529
991284610