940143164
976061029
911442613
938648494
981002058
559018601
882867587
991048782
919538389
937790491
904534429
911850510
995873982
932958471
914162634
992410316
911149168
993327287
885772250
551031406
914300082
712213200
918115024
888450307
930920463
932948043
996390347
553012069
908700331
932209233
956288282
916557279
958190297
975305030
952271270
914202720
902979299
505747667
915511963
908551494
505057033
772582363
914041766
909330958
792234322
934280869
901055921
980074550
918782219
998536328
907902321
994712289
994990650
990077901
950603337
932412175
938570628
770334505
949156094
953336264
997344141
883965678
947267428
935662305
998975387
904672387
945248284
932909206
770989795
612248939
935643800
911133581
910755934
763432170
991831189
991364594
916104943
990757088
554050325
880278584
993125047
908318615
770085753
979781387
947470003
942806637
915759403
906072522
946504951
990436339
930052283
979055750
974005357
907183036
973515808
945102277
935795069
905613076
958180687
948200089
933602340
997733304
937741052
947268320
930006014
978980423
932158528
937650395
978730232
996976368
911412686
933709061
934909915
970457121
913751287
992022187
993484850
997357227
942081253
908421742
935310047
931333371
946022991
905191990
940920999
977001339
915850343
971188835
945790083
905584660
993245784
993241481
722263380
931890599
887580565
976687576
936142426
712180178
972502009
914006618
900410595
945227585
991231772
995928298
991969535
916796941
994353300
943227786
930084551
938059495
995700891
916925456
933557807
915647780
673441639
991309716
978918118
998045285
500054344
882248489
993391705
932218072
991438555
933250672
944277235
777278607
912254013
917429140
904438550
914579362
990688105
555122001
914730456
903643502
998591525
997114514
905716264
886031133
944970891
915982606
996505095
950102493
946469009
912117568
880542021
978711760
958271288
552535484
900290472
913423328
884668181
931667588
981212583
997055784
958010263
915860545
904439403
948378949
906457330
998911854
934197478
907297010
958975756
933730022
909875858
942911865
912399393
954344045
933227612
902050158
905177884
990942910
795736170
945533660
992559527
997136007
904491179
993707134
950953014
712905632
990715621
932835919
943875885
997255158
995715503
904598081
976168466
995763101
916429833
551084477
915562213
991575896
932642489
915361012
883158580
903042082
930387914
995681875
770171316
916516784
912341082
975364515
911985414
911089975
882142427
992628504
939063707
881497755
940409710
935274411
995461123
940930955
936973858
887032425
975558808
970359795
995054959
941170792
934172506
999159402
949303443
997910133
938354888
949877376
938243428
951322330
944692278
934719292
772648577
910471958
995429405
944224455
943718824
996104222
933042279
935791314
930095865
904616373
905360324
883220306
910778427
900067010
900850442
941639009
992379004
907429456
905087057
990992671
938764504
551028730
996475758
944485459
943021985
992283291
974820008
940664445
932652701
973895040
900083032
948771944
912843660
993051078
998928218
934287520
932971613
916231615
933525913
972906717
933371619
881088985
992994525
937599290
958800374
934807655
938616112
900242728
934327405
974745131
907775244
998664282
886478558
944032391
914202856
906039626
996687533
938504252
949361956
912195857
770971711
882015050
943229003
914693802
913444492
992965355
557055890
956305588
990806923
930896624
940780208
977724812
916542106
942170093
932626059
979095009
933089968
904430417
976336009
998054992
932664090
917881122
971132201
914775569
903477887
915351395
995791583
900018690
904647278
933479596
991324626
991148012
931610392
914211616
902450251
931350593
930051154
903146415
930921313
916362343
903655752
883031419
996943707
944891188
972305070
937198705
950666107
914810663
943930800
938968707
990964274
882314422
882042828
916708100
992420230
990208982
901248786
904171049
937620486
935741470
907110046
935462011
951076262
930043682
932346105
882348687
990682374
912134464
911878626
935156673
932299455
992728989
938430603
998771527
998549588
930871251
997098724
936236221
932290234
900225539
905359209
941882561
932462560
937092557
911269406
914537537
770726993
937993609
885989698
942413560
906367371
881050093
935305456
336820491
994800082
992811512
939304649
552017841
932051381
909803765
946129959
883500294
906271465
908601700
906126568
944429294
902096697
947101240
957455510
971943104
916158877
772601939
998235737
931348673
933850203
905144585
977969394
976156599
882781984
930434186
979220027
500032631
993368750
994064659
990648186
936681923
934449211
994455920
919010583
995896968
552555345
944390013
930757131
908912380
977202842
939138405
950132508
991460291
992940876
993992823
935030447
996980801
991971814
918297321
994740207
950860116
943122097
712959498
916759821
990500524
943250587
777062545
992262778
981300706
936924641
943488782
973283616
905131419
932836828
998808250
904343880
882734773
992335897
994013088
993677785
915699252
742274185
907666109
917407357
914257230
991037864
990489502
913650518
939682007
999725191
933299094
954741141
999960391
932055228
993608107
910611468
907082424
507222815
915174677
770320492
995205225
946599992
991604054
935882252
997062284
947690367
939302120
931366793
946723926
904416133
906706724
931687971
994292180
934518375
903064949
994413101
917410185
886744363
948307799
903134655
936652209
917408913
978638558
999011599
762280272
979160663
951750457
881664700
942490957
995150649
883519193
950096998
903071690
997096621
888107275
912565545
936900609
930731125
913598282
910627891
944700866
999660679
908108405
906046580
936333341
938553969
918022101
946204763
915540412
883039896
993045949
939951888
991055245
995979469
943750583
954447771
990887274
917345093
974660063
996818005
976348996
905690535
935099304
919481513
945690280
919741299
888252211
932028113
937686820
993732248
947758810
916085057
939251758
930511970
977356531
889948500
553519101
994827134
946777501
946149565
913259531
946346002
944911316
907225789
947763393
994940357
994490866
944473223
932821320
990683589
906610595
993393112
979621520
884088203
997412214
933330737
912781448
950157282
932801229
990191592
945075934
971378444
941987739
935400449
978498449
958190795
992767216
934862793
997729601
949843704
999058864
932434463
902260515
937224770
997876546
919705383
906559848
934452774
934301224
919393186
935807177
946261264
998869827
932100577
994119985
556028125
958280428
991573684
995173346
997941801
915353577
935540382
915505530
935220806
932706609
943520376
977385758
936681460
916683562
889713232
772645458
998621964
976282500
901259626
977592288
944235343
976669700
977533093
997061735
505058689
937066777
947793070
940660082
903479263
946466860
994645065
936902645
911397334
972062925
976551580
996840609
946662055
937842606
975331116
886778407
909290060
938950693
914420043
995675402
974388909
997083055
935707595
882078544
905115719
997456787
947707887
908370680
906917005
935638806
990822161
990307240
907224747
881788998
930838477
941138892
993298595
908352993
973533739
949468518
997869555
940215883
919244393
950540899
908576833
886706588
975472589
885201114
945966334
904033913
900697272
902760723
995878921
944191820
551058462
908874900
901287129
991507019
904060056
972519201
908052012
908593408
505001772
950338892
959080712
933750870
999403642
930380884
951723811
903558736
973943133
880600175
991282694
772511004
978336505
932111862
990009445
914642067
884286248
919751550
951238690
973291923
958508284
901799344
994519920
917099196
507168086
997078011
910367095
947722587
888061552
996245912
937762804
934305271
990268062
944851381
903865152
940326990
970927106
950507282
973945567
994908971
911948515
912386105
949983308
998785220
978206030
935327141
937010462
902642180
991569693
889077704
973296380
755439518
919207932
916874128
945130692
993869119
934738385
949920731
940212154
994006136
338029599
905688351
910190808
933842993
991753336
993327462
932524463
978066061
930017051
992158969
507582500
935798183
952178991
951522497
911611772
936765216
882551943
932149360
943272747
885589911
940472403
881546864
932654717
938133893
941871890
883250010
916726010
940083622
943188582
902465887
882856067
935701965
940929015
918101747
937182884
913875450
996259877
952141485
903373216
913717416
770182383
946171313
905125912
957900406
991247941
994218183
884369199
971579647
712998187
900202237
945858287
795734983
948204948
997563686
916704194
944879807
912126086
931065096
979352895
904228737
940313160
935773115
913476292
505733997
991921912
919079082
937049277
916543044
993321101
692334667
959597595
942430943
500047175
933005905
993621422
932877781
947730537
906766356
913221489
918336782
934242263
916292275
998597496
977317988
934809299
933790187
934935329
937821310
915457879
911737898
976910245
953335828
990860460
905227424
933632664
944888825
976424626
956998981
972931025
975210982
902671720
940251886
662383118
935729687
902691312
905104844
909845774
983079096
933126410
770342696
883142686
712658341
916036128
931578292
912723231
935231594
939188291
916485103
959662929
912999977
770407999
942446107
936389431
915044769
910508207
503014746
889537985
990879229
931128604
908954008
915823622
940191986
997538848
907172025
916913050
947632400
900119733
936087791
949468493
905956017
975900269
990821494
931753384
907633293
914477299
712905279
993988538
916876145
904626237
976021176
907901899
882324337
995709220
912081531
933191121
902250308
906684298
974951416
996630401
915902636
950087715
997278658
991712458
914113963
995578189
991475318
915320917
931570016
992011661
940156994
996706390
936806945
949352881
949360828
946988178
982101424
911523195
955071898
505891994
993587525
888980525
974451967
919007793
930443280
902517161
953539806
908375510
902647174
883171893
770568983
946418921
990527014
880207678
976043802
907211243
917099276
990999463
942966114
907833766
946711683
905304083
995271065
902838019
973921883
971916500
918282118
947094474
904909707
930035592
919055754
995099084
906018201
976336337
914047003
906748277
555030585