943041073
908333767
931445265
941584438
990820909
908430749
943992189
991226820
906113627
914033177
907965454
979979411
907328221
933122975
908758217
990504818
908725285
992183491
905074261
998451716
951710951
935991244
949010853
999195695
907556657
889910483
931250315
979990523
996000474
958666690
914077786
930409271
949111885
942410283
991914385
907480810
958880723
901074767
919902008
931181462
999802266
983600309
932506408
977007502
905080228
943221414
973154409
978632282
937497750
972902909
662224744
915458280
975604049
885763404
943401424
930722825
912000005
885895850
948869477
946597210
886124884
950586864
970157210
998426959
904422794
913284322
949225055
941138805
931122092
993067793
973701201
881637272
948062276
994341671
975178875
941348507
915120263
935852982
970166617
936388680
999165600
902004632
937980440
930370189
975220426
931262332
900435758
909087646
932631597
934935481
932610285
990882616
934167981
995062333
935579908
956312933
333777574
994762038
993451849
991955888
942343335
933087116
916534682
939445181
933071881
881031878
947226238
882876664
913668424
938552416
880272607
994325583
946314488
972418110
940551554
883121174
770887671
919883194
933392197
970258891
889934114
997050023
931434367
914773181
995468894
933340985
914812201
903095216
992270127
991227461
991232357
936176961
943037088
908765990
949540021
999593997
940412790
931321174
995202284
931520136
907435005
979152700
888050812
990214982
932472345
995627786
948416622
974902222
976175494
883146814
945387803
938950581
993571661
935608070
933109717
938324422
943300081
943861757
907296697
944592958
931885334
904438527
911552904
911395809
974841451
994151634
882946566
976677008
934211578
945331858
932928786
907502666
991009935
940151355
996608676
932768871
995608645
994760765
934420961
931740206
993673132
712472429
979523405
996089221
932318446
930860594
908913224
994188710
939747030
934773887
906405751
905620372
991111179
998284471
934238388
945829101
950113858
992871393
990043102
934243442
938310681
949764742
908484280
933090819
998375921
915248457
905240575
931982252
937212536
957779242
971359688
976019692
945723500
992486000
932341412
943069085
994733785
977203338
952215120
910100347
772730263
993191498
941974078
990696925
975817876
977161951
974131805
980007810
507512221
940784840
942173380
903555673
692100052
919636418
919759619
931399088
950841414
973730570
998912909
934221475
913963661
882506869
931337133
886654292
902101370
903037107
905671700
974820868
990094933
951342485
918100550
900011476
902447530
942151386
907460946
908801784
975358693
941058474
931136505
918793544
994276974
991720764
990982324
903073624
945611181
623994294
993975525
901790466
884960892
956332186
916757232
942985111
910132338
957052086
906328489
940662885
931575761
917731317
936092569
905645684
944132030
910368389
919085956
906395626
950190047
915751076
998576247
906306560
932389097
906020417
999665038
933352473
955552157
885400207
902891529
933524882
933298179
937160939
972199146
947011612
953839666
991933771
972271004
905860648
935833031
941210786
772680288
993055868
941568143
998971577
930635756
906308295
973937704
979511290
977998095
958870427
955528991
882338186
953626796
939248602
976220223
930678411
933546682
906174789
911180765
917746995
916633711
979082311
996621771
918814014
940668687
908517101
930972293
945369232
936639337
919567387
911299391
507052765
990676472
989990507
904422864
914946949
990597071
905228490
950846661
903651987
930917118
935260303
939691114
910331975
884816100
884959592
917747564
889518986
978080149
958077812
904278419
933711781
332768187
945020591
915274978
933428644
916516762
902792345
908862623
934048517
947648878
915497434
914423633
941922018
934201691
905668048
907784008
919942825
882370414
906702511
948775886
959499988
919117785
905149311
942746010
917314401
947803969
944192043
915808990
936431550
916578315
936650981
999193336
935770719
948759202
944871990
916841985
997511075
914759093
931039060
994455748
949986959
955950388
941404555
940661684
900096341
996695206
902271311
914455095
916602481
931921587
943199183
941218712
996716258
938705400
912152172
935296919
948965456
903757553
939660032
934129194
944070106
905759706
975432354
931912768
948811784
951808778
941682014
975067484
932330883
976353551
770106761
333158581
937867028
940559130
910368195
936482667
795931220
942073181
990316278
949071156
919008693
954052887
914504524
978706162
973158527
886170609
975168066
934566156
970133012
889231794
888370088
970499906
905169028
902069096
939997374
937527577
945820062
902001450
953388894
903779965
975153338
938648881
911593931
944165377
914582307
906534901
970182465
932800933
936636610
795720133
974066562
901385196
712428577
944890158
949348194
942912551
931880252
948255000
932349422
997739908
755724802
994879488
914626156
990985784
991267657
904708186
939135020
903649963
886321886
975322031
919807270
336448686
914443294
957757425
990236970
900427600
946382889
992102493
941101535
882420070
886008616
931052173
770120237
940465452
998036941
903448212
930425090
938355887
908758120
953703088
938607982
934051783
947841044
976338690
975864545
973798589
935438323
932242195
911444881
505720236
932022230
950191603
998961775
939031817
975171756
946110286
951270972
930572263
974049449
912399988
995554600
992917476
994303633
930979968
993279085
990268018
931578013
932318396
937311148
931971383
936728088
909033280
932458180
913966081
940107502
935850819
886200065
944800236
978386373
919539525
557050669
910624010
915248615
946674719
662350212
917318691
908939209
935157215
883160343
931852174
911019134
905848434
884055430
945260317
940671188
624192285
931208192
991090165
910437406
947843913
907414899
990202735
623774210
934557017
902818058
997195267
905921535
906672081
935582786
933678771
932404611
996176533
939292199
999994824
934608486
946653020
932284526
998373615
881738281
936270806
996112696
937018090
942336181
977309133
910634487
949557911
978330548
940091780
971634363
337055575
908571676
914325325
900176263
951721360
940351553
905541792
884422717
950224658
944985207
976248387
971920262
996302093
939431976
978961004
945297060
994785686
882187782
941201720
902771393
983035854
906163382
886668792
999136770
978472058
880259398
933008283
945056187
916828804
930975770
982758076
990600479
934904229
931967479
916944525
911426805
979141392
901804046
889151799
931162826
997738561
949700731
931062492
905328710
994887484
886561441
932939103
932252122
941889111
933092960
901208909
971718820
918267118
999161313
904883006
991951059
732534793
952551509
992837287
977878748
992462367
914827407
906292550
978112255
941920967
909061611
908752315
975729691
933119091
903438772
908777481
889348490
934946849
997536565
951809112
901631088
904041770
915740610
996998855
932920858
997217557
653323765
991680181
946219500
970304411
998265274
993244484
916351121
937671280
950079398
946869204
990956040
904281810
931278853
992723595
902767411
911526588
951293494
912469058
906451982
692320451
991868292
916711110
692101080
933987172
903212649
913678587
904172588
993118667
939253328
940590060
934881595
942934774
995766322
908999215
956030589
881285252
905515940
958550141
931092079
930963411
934305452
991429122
914905141
887680583
908622860
993362014
944439123
990652250
996081981
998294118
945011695
991511852
975665515
993622474
913559378
915217785
910508510
996703538
975074346
981708281
972123555
996860172
993270495
996216210
936952896
907332970
979501308
976428784
903668662
948462272
937766095
932561109
559002741
993217011
939837220
883132487
903956511
917557011
913216569
905311018
939911793
974821312
943430264
944740266
919598312
952312012
903758993
941593787
916882573
916721965
902469411
905610826
946469092
959448886
918156832
906081849
905705323
883512014
995871685
992438908
993095133
944426061
500553992
911134054
889894009
977937697
933277800
554514590
993205187
957660951
994303011
973912290
909267494
931701887
904269988
936679391
934063710
884116007
942030232
886250256
940053158
947871162
551058290
958801580
937235447
943590282
915067701
882791166
991626384
998032115
884598582
906064899
904197783
931571952
935087350
934482316
976348044
933112361
948290799
906754002
905408817
950189242
945019237
993130387
994155572
993132625
916758763
902605545
885530453
932525590
992066584
943054161
916646232
975740550
983023225
905467345
883925756
999646462
945775717
945312273
991270662
908804056
911570307
772704373
908844582
938475554
916196971
932086025
931242157
900785158
930498380
975909900
937702015
946202472
500070015
941205181
990219117
994857885
951636600
932268780
916568016
903976766
913044132
906692605
915606564
992873231
939470087
975870780
970370242
998001119
972003707
914735080
889140091
930579989
999720481
992598801
936808968
913633170
957990796
939995880
911992683
916006608
993904135
975428807
943444594
932328810
906456466
996110782
912182205
912122014
905127217
945541361
990568708
933460128
500018852
957720919
972499496
938803818
982731933
933724003
911041227
880089219
913066064
911190479
940084446
973932656
906082583
937854115
556012426
950955797
919022254
934087996
955048795
977391069
900166463
901429775
996310068
952222319
888760138
935903500
991446562
944339605
712926244
911801196
940508508
937175857
931496227
936468584
936127844
934393385
908801742
884184505
932034139
940611258
934786877
977965666
937491415
936665372
945271786
941025979
990937075
935258603
887496655
938660866
937600838
993552063
943948646
914589733
940334355
901034146
882637887
914600180
950450079
917378985
912296595
903131980
973530714
918144756
948342093
932202046
931940836
914442486
919246329
888655534
914552422
956769191
972180608
888770182
943693808
931359028
917097528
900702327
936195502
902282930
945786666
976420828
992951060
957725353
918215451
903050299
939519017
914733014
912451612
952286344
990681387
949752179
903078176
973421157
971347888
900504041
911115725
910822827
908759404
942635588
930982778
945821504
946471122
903017848
942032770
916113375
957879299
977009720
955550663