905642706
937768494
942015250
771088606
947536424
999688269
889761608
917406587
947270046
935852401
949571906
652247058
937177781
940312082
902080657
982745114
884239398
912767778
970507157
931122523
943842375
905504588
902660662
912053646
998209343
911139865
980001941
974842874
950891804
911423262
906032468
900828408
902889074
979525859
911305033
886151960
945282358
941967889
993180299
976074577
932342523
916909408
943823331
978348786
947422726
909682508
974556880
990969379
909887833
937953400
957669604
936818693
912207247
978500179
932244157
973949589
902476877
946060157
939494599
947895199
944735960
903842421
905206273
946613081
951199373
941300478
997048216
979167900
901517013
901991341
998372023
993922528
941250284
919269394
905328389
913943199
945926966
972278291
908338851
919514230
971388584
919032860
939934819
999594471
972598788
885896661
959473773
997026511
994875712
912831932
991745518
991812830
500722600
907993384
933241250
994888244
992422774
992210063
930628681
910792949
935807115
950122661
992427528
938332345
979919140
940764388
901509492
993018547
997479450
914814725
978380058
917180468
916568084
934740466
903554499
979093084
943531526
947668805
919224142
952161513
949766321
934497469
952141555
916459959
944688401
943051181
946574948
911635109
996783744
915148608
933179068
906000862
914550940
992868178
942395150
950192016
919088795
907727663
888579091
930526280
915158321
940986770
944408008
977902813
973950386
931303942
991057507
935117381
901666441
933107790
905198159
913224366
935318838
915829903
990652615
980072016
983357576
934638010
935447681
906806158
901951280
934813882
938008553
886403635
948902007
930672681
945785665
975498889
999927574
991966977
908778838
937440115
883384101
507039431
934900968
998411850
885593616
905901960
948413778
903036759
905375014
906455960
935459402
901111884
996230780
940498600
941040625
991417242
909585090
917774064
906696020
884084090
995002088
942843797
934050225
932176299
935172726
933400207
975109767
979647677
945483233
885299466
501085872
993633865
987077902
905819549
973113663
903086587
993486955
958067778
932828210
994846065
980017734
934071724
932071387
946418487
943460394
912175586
996152545
978991943
991257091
996138500
948365853
905822260
993074410
770262477
975478688
974453211
992675775
906782515
912049900
505018068
910741899
996045134
932319173
887660069
913961645
906949404
906389006
932495113
915380126
908835972
972615850
935472686
995117755
931213389
951177482
905107050
941605088
983681119
912008505
903063717
903243283
915225266
913418785
908390233
942091529
912417505
941698801
882498888
905877901
950300357
993601219
952262410
770352290
940450484
914455839
939029910
940547804
938981279
945492585
747731910
904963105
908856507
933565365
940822379
952444540
910891091
886313083
904268582
970691066
972401332
991930773
976009983
902200785
945635152
883990962
994416160
914024665
905167151
931378383
917006030
994343702
935118461
901976985
990489596
990841564
975852014
994548424
932468846
902094609
908867269
992881287
914458393
943276644
995718574
910284400
948147272
889857666
940881931
939435252
979864447
907452010
935770870
935976335
934890195
885785758
979975232
993144225
978828599
930893110
935721121
886110083
919028446
993878304
903136170
970250346
978784590
975596646
941856264
919038696
974561003
937225488
970762555
935045727
971049198
943160289
993416902
947396077
974508368
889848495
974545915
909982896
935071320
935855652
934545315
930035356
993216366
941528768
993981303
943510509
944140121
945307159
916320814
886269111
935031439
945766446
940814850
994078581
948396777
992672867
999928656
948420071
948173133
944354068
932955660
933164882
946289970
997300463
908295768
906752515
947313061
900747070
990603715
940017300
905434908
990934663
770391002
912229969
888089484
941922800
934478609
993600151
990539168
889542454
971261256
940940462
990869933
975965054
908579979
911059987
770703119
975616162
978043224
944467188
905138693
946599292
957876668
938691880
950031094
990120877
970363505
934989590
911588673
975134442
919031863
939097557
900508844
905183688
947765585
908167008
946775351
971381997
992228171
959070222
942887666
916378600
991144355
972809959
974518307
912907180
937707066
908833468
919540532
883989823
995332392
940619806
911262025
945883758
950148287
934261999
907148679
884231484
932042451
932606232
889346062
973172786
995983284
887040719
979031066
916710247
979432040
910711196
951076768
974104661
994288438
902028504
883968884
976855055
941648679
946684022
902175566
919204145
904608434
932323327
937316710
903601811
940055475
998325338
933876787
943377091
995155783
915556117
992294585
908868508
935801142
979061102
996867361
907710329
973189584
883680185
936844449
945138992
997660238
977235393
992553118
902599109
910742189
902669983
886161698
712243524
904131324
994086090
909851808
972004188
936039990
932478119
932156806
944083220
933271778
997926555
935717135
916533107
906902011
882422471
996786636
880080025
907268386
979232907
912750203