910222790
978804101
977153888
947840226
948149808
991352787
934284578
990660754
947937017
883558683
936763945
992662272
911000709
944379896
938879002
735420661
936327703
972669600
505006393
914841707
912387332
946802546
990436339
933373763
999000255
934967664
500539601
938819426
997168095
938703938
904439491
946527471
901497482
975333090
939375909
936990053
951716017
906687764
882704553
930657216
903036335
938302125
914124052
770133607
880083706
944226638
930623493
940181281
948601941
902486123
959575696
911205920
915815586
941868040
934751790
937733197
971720506
977947799
907673105
945043188
936533204
932244218
996615066
992244065
990597966
696543871
501029508
996272358
943191787
901669850
918263535
911446438
913661982
905688688
943245259
937788577
916170384
886365054
978925212
906339991
991612263
994763812
937228636
916862939
883860013
904270355
936884676
931370539
993605387
940410255
979849698
332909055
902472972
917080515
935242432
936777892
975568586
934186009
943826164
881539498
919004429
937072930
914728631
79175371954
916085048
958121565
944998917
995858070
770003281
930754495
886393212
905247161
992437456
913261615
938841165
911345434
904144364
911242462
881116368
996031062
942833329
905163713
972446076
901430584
950310524
901647253
915841190
930428031
944795490
940120779
931004383
914841989
947976017
932773737
902760659
947212066
936482286
949461223
938138085
919115862
974352627
882001162
918714775
954442627
990489377
991012754
985002526
972003012
903957033
996121371
932726878
931517806
906068833
996559242
902722517
941010620
911050860
909020679
770667485
942500081
933164111
998230636
707007245
978390301
972766061
943779189
979887780
938363501
939563195
943586808
952267075
882014334
889820791
914030053
905618657
944236302
770860979
886141784
943063092
937039202
995415311
991658892
978420740
996728214
902936506
908843252
913194416
948944464
886292009
942597067
903202071
905368825
937611016
883961909
936589402
942682202
554528545
770481883
903677545
979205322
993831900
770100238
930404787
932337623
973251785
909469249
919051959
936867104
943197305
941817555
992825206
932201441
999100974
906832989
505708488
973925949
934529617
940597507
999080001
972478780
997458791
990296727
882850598
993279263
919101396
881414471
934321291
979538585
905495007
930008642
943323336
942494924
917121607
950203541
940079686
991837176
339018181
945847137
905340633
972267323
934888937
902801335
948753234
995147738
916363699
947903308
991311128
933319598
934422764
947553989
942922083
978538100
902023989
623537650
979551330
932838891
882363331
932000980
938680838
997020558
992252161
973102515
912762212
901252098
907942507
902088922
950111481
912298679
936148508
907160936
913477614
888588900
973105861
999490615
932669596
932248392
977811891
990066815
770334009
903062131
942208832
991667679
903776804
939350772
931344722
933798803
973741233
622258659
936820571
932816272
934853734
993432953
944589467
997119901
991342449
980010244
999036564
907143718
915350130
939983487
771010996
904253857
974129256
931572304
972574449
937069293
993458308
998403514
979331393
902505686
993778833
938033975
997650885
939094304
931021140
958842102
882448086
906084775
915100275
933738898
990261110
977067146
885811200
936702887
994972390
996610188
944848592
914585496
945641989
914795243
995981491
940507673
934059310
950729991
942315404
997427745
995481087
933454059
930082271
888788100
994742086
995388581
955547400
931452798
908515016
907215687
901722907
884722800
916570369
900738696
905948382
942183283
948518486
999079226
712030071@callbackout
930048969
501034969
979519353
885292061
934026626
945212870
945883088
993979950
932108177
908807187
938671208
881384853
996080618
941671166
945517790
915245227
938269388
997883454
944664616
991522652
930502130
914683301
945085409
942763009
904404483
652282868
900148914
913675700
999921611
931614184
949071660
991335259
946699984
992731579
905412113
908748813
770698990
942066170
908929515
977581990
881928668
943772432
906512668
912811680
900600058
937237151
905562176
919550721
917138787
944180590
991170396
930989355
770024301
936700770
883561176
997829051
903106766
942583090
911287960
999400938
997596021
906520542
882560477
973897970
959201978
936857185
916447992
944904752
916388601
937714920
505097478
905617223
943431575
932190382
992467592
939829695
945032666
936004972
934716998
940321292
938262629
992290537
901459717
990151003
999459469
997083787
946669162
949258232
912073515
900721227
912628286
906767475
883338005
978330386
770347794
993524283
772611593
976460595
917426477
937263815
915583987
995520576
948106105
979943653
945190384
997291612
937075885
910711689
912002225
972224305
902128592
880734343
933767503
990668359
975310111
712566744
917009908
917174504
916410491
992492292
903649272
939977531
941749193
934189464
939358515
909947197
912399019
937650010
998423130
935473728
933099287
995326970
906739399
916519102
979322959
947990493
938861919
957571656
932418484
907821233
943281920
991117209
990535304
916581051
972411281