934167876
946864660
938000837
916694254
906078302
970377103
772551807
941115054
936690155
905618071
935929552
902210620
945761258
948846261
930676631
902507606
992572501
914472726
906492019
999300521
937260712
942809929
917600037
990889947
998706356
507068988
885792011
943842353
998832208
335578007
944422800
881390922
971943399
947471061
908650127
978029284
908718482
936090266
976033668
976580150
917175956
995792588
912829331
945378939
770858813
901835155
932201187
931051174
999790625
991376564
889986990
972198600
999544441
940135101
882985838
945073161
880181235
900708332
943362131
975508157
916743039
930803717
983606848
952240989
938560904
936905340
977595131
952773155
907307050
908167031
940341122
931638833
973173756
906969087
938990682
902871143
993135083
915589020
936282969
991378976
932838783
972020017
911196279
947073534
931046612
973352785
930570251
338868393
979987373
970666304
905182650
915248890
996585956
945007414
907943258
948492785
905837226
902866081
996241963
934143448
880711610
974098892
945550310
885835317
884379699
940955700
930549344
942201801
911384919
974058179
918149915
505851323
990344419
915545411
949891601
909000967
945147900
944412012
957271994
912160015
712430835
949061306
934021314
888301077
987704424
970141295
912177893
932312159
907018407
901990838
901921970
931360521
889140591
931761297
888009397
913141061
912868900
972939099
935510176
917016075
934480117
973241088
880083046
941272094
950993430
880602691
500545402
937010406
995103511
976342980
975534112
951428507
947390156
888952500
990014842
933749389
942760091
889171745
913190291
991578312
947696304
931602233
974181999
501026484
972589298
886453035
908311168
995159111
931375309
937722633
941261910
990386662
911154114
995948515
933149497
994072909
998225181
886184748
999106004
944640209
993050030
883669333
996561557
972024745
978042999
908694048
940487709
949247482
972881703
992606021
936672015
992136920
915254088
905172598
994138212
990839230
936682425
770207875
951789499
902439798
935912646
903025303
915769195
943784145
882241686
939000207
944647875
908849500
996302693
885569373
930790506
916202772
889073330
974579496
933160497
913125699
932242668
978101564
934287305
996287810
935172309
906130540
913252312
911731757
885425206
972544636
881576707
936067571
932657374
909052557
932970392
916218151
903016579
995154779
973973233
931571997
912039442
934353343
947977275
942002976
908096122
973891411
945261007
975949060
933461990
941107287
945118115
996458899
939709922
905331211
933663669
912398789
907818393
905398994
886109690
943470981
970187567
938680889
932086628
551516784
950163775
949149681
996937767
773001348
907795623
901560628
933054575
901090757
934200467
917110672
998802339
977110488
933291561
949158278
881887001
990591962
886114641
991148190
902838281
931902011
903206284
933412725
931682699
977831114
900571860
938050358
978948587
931397801
914999187
932472230
913445628
937219311
914723137
917423010
983047595
992005586
939129598
938240888
931503785
972042064
903418406
944635650
915820222
934612333
995633362
977953404
888516101
937161460
881633066
932993311
883390570
912292762
905256597
973358878
909225928
915275045
930650506
885717882
940308665
943033583
978454111
949972527
997838843
917080260
935120753
887430319
979340519
944762955
909165338
881653032
930820968
943907666
942241082
990502108
973887401
995023117
944873033
941822177
930444717
940346463
915463019
948403056
951221283
905360877
770051058
931339716
944444587
933261496
951004699
902272715
930795901
950140264
998441084
934910950
916030507
995629844
910330633
902657260
997916001
931469982
934627502
947711471
915548207
904540196
950237353
908903084
956361212
770158483
990520885
886440089
949550417
762215022
971270215
974401022
932091357
931652961
910266067
932155336
990359972
991959170
990248328
996670797
901400416
551512287
902925705
990297696
902664068
976020050
946006275
940458886
945349099
918788618
959776397
991571256
944961056
971980698
770633151
939378384
916714904
912405370
991082789
978960076
950022507
972822898
975768278
936230862
930035076
906798303
977930959
949750519
912102322
979219195
997306860
910181484
951178824
937222683
991410395
932492306
959291218
932382029
916149693
994712092
949360507
971649592
979899922
941759773
712290795
936093980
940402063
999216365
934556068
903381784
917157058
948266055
944174057
936034133
907442933
936672263
999530785
937788614
931854020
933416068
777068182
998107232
991612787
974210002
975528700
888430389
939160778
975303123
937600061
940318889
904086296
933986465
931622054
936653093
935777629
930528989
970560222
915580408
904253376
934280776
954992788
915998995
990734142
977075319
500781595
944491797
948306410
503016140
937113531
936251523
913203516
917003345
919181644
901919237
884250911
906344492
905325452
900645001
944037600
977530400
935758494
909756236
975620833
935811953
941736364
913916070
881322014
903160137
974536633
916690786
903849114
939707370
977172509
990427762
997013262
919175151
937642984
935611341