931455606
908939434
995666700
901909842
971336703
942837622
912318590
946080807
954491298
934241560
902111446
915882205
995571047
997288992
946063179
771362303
662307470
979078092
933061213
976926686
937118219
915637981
940651715
770699202
935413965
981400057
883171157
932029944
935068058
970581077
990092344
946441608
881086688
906063179
942267505
950063031
937889030
881779396
985002600
993104841
944745291
946190486
902266416
977475565
974323523
918283068
903816156
912236958
912234756
934885585
992878393
932925775
906712511
917419745
900601178
910277678
913572102
906142746
916777929
908747985
998259801
934152858
991511705
994462527
901260121
902611520
909805049
949739002
887460183
905808509
905251898
990392930
991468807
914258382
939450241
907044345
919071493
943974945
992720784
917320361
992844892
998966889
886601980
994491117
914038990
930819634
902920470
932384904
972844222
992069405
942411716
903212630
905043661
882091979
993943355
990564690
996885236
990664621
904949717
938350424
930019955
886058005
916300811
941255451
917758537
913431377
500551269
971510593
910748570
930091094
905703682
903871287
902531761
881946001
906686260
999801197
997690799
916887119
911594347
932514422
946079888
997820066
905170811
904855898
935550785
940687737
977020323
916150172
971541011
884926666
976070582
916916069
931376110
937897789
919002986
712998119
948952133
948449443
911060985
692370549
908541897
881817996
993052360
991201136
997191964
889101568
995812695
931267723
957718572
882739392
992525208
951166661
953933438
936671733
955073220
951663906
930791312
903148151
931558022
998779593
908534853
505535995
915616961
908350955
915019977
908722358
914912387
755220410
945031077
974165050
930019466
945723010
944704969
976764545
941990036
888923488
955553629
902401001
951229278
934425858
977338187
934803836
942220195
997492671
906020227
939568484
991810933
909030800
946289096
992604080
990297898
900833088
913935035
934903234
998554686
997283545
949168084
948483088
942063740
931481593
915855488
997349204
944748617
947620120
882438885
908713594
998343525
973147085
930080490
977114248
981107701
9,92928E+11
991869289
993394629
930373314
908533282
886040195
993687152
932988604
985616656
983374550
938591885
998854735
940472743
992161784
914020271
902701120
883040102
992042729
999834030
992238177
914482885
932228502
991704551
995907361
930724292
978062260
949031161
934951884
970094192
992021258
994652221
952509353
934204039
994947298
934526867
972321966
970947060
944051061
934150456
940611258
905821951
900903571
933232992
933326665
917828587
907209511
990950468
940280802
931931767
975759975
943611544
905801393
997222082
939925023
500529729
912096560
942980062
907459598
993263938
949465577
992040655
937444377
902945152
911170749
932123996
912292156
917349970
930373434
937574945
994108897
500777327
910858000
910451897
905173737
937766561
950805457
993618628
905281623
973121788
902226950
901021712
932253474
945716841
941771511
930480172
881818272
973041055
976328400
950047443
944647548
902773779
976042386
993348884
903075292
976973337
936089287
948710848
936500058
932714909
979119256
945093600
992290240
770803277
910356181
941959333
937964749
911969186
940420844
991047950
918822290
944351551
906904241
990056656
958161680
905338929
937971957
994379597
908396543
770213758
933043785
945308180
907191197
905576355
938121254
970102287
953336314
909915653
945300683
976711791
950404496
936435494
970761637
904450120
930415372
906433038
945841605
979899291
900646064
937139414
976738786
948393700
915578083
917937655
907600895
941986075
913185001
939555520
978767980
943056311
912116610
953348595
999480597
996800349
936096092
972088876
943653594
915843343
957942770
942877965
999309894
692373654
997276806
887433403
945588111
976701089
901330101
908891520
937264484
939300488
995289058
916920430
932829103
908600840
912459082
997174988
881023838
904992689
951009689
936651676
976950587
885498400
937461270
940069675
949511940
949483707
934649008
913465571
945121953
979103539
937700860
990629928
883875589
930908548
912261331
998810520
919528919
908894792
939519727
932232526
886352322
900757684
932657984
913245898
911219765
998571131
951800173
911165464
940961700
917609237
914671216
912574977
949830777
901780682
947665591
915936781
939192829
940849792
505110665
909402023
933298307
885860853
994891798
948871998
902724223
934589690
930472250
958855212
902276260
991831618
944022290
999881952
946813246
941229576
946182698
978218118
932413545
995024411
902266233
770871097
905373819
949940174
905569494
946065059
905694688
916798461
908694188
937982998
913063714
938521216
914569005
914189190
976511163
914041922
992151105
993040356
936073135
883272673
931852133
901902373
912364657
976657079
885104300
978501580
907404043
887688681
994310881
975145333
916629194
930866936
902855609
943682033
971008582
933537091
996329688
908750520
974928833
933671030
931496961
885073767
944100966
909550980
972196061
996874131
935201713
908384770
991336104
914400229
946431894
992917636
915305955
942420360
881070091
999456308
973991208
944330323
912257192
972125912
970682101
901906870
932295001
945713300
885101283
906205951
940635659
990313240
942370095
936243228
945840675
939930694
955017579
941532315
932035446
935794134
942083083
941252473
939392570
916277002
937421507
931268155
940670990
672367192
932237190
930853588
903422322
939305076
507062395
995688183
889587505
942209578
976982303
940616717
942315904
938382550
934271262
911557704
505093881
942181386
911962792
992607078
974757888
931986616
914625488
505010817
903621964
931615760
770036247
932862160
938498893
900756986
977203930
992936304
992632564
975103746
938908363
977884885
942620868
941568883
900426960
770271908
975260094
501020386
987000920
900218991
991611733
936627862
942093400
903479249
946649750
887670167
935113695
911232218
907615821
939919101
903598917
932513184
886107479
934991290
978548900
942720924
932056445
889993522
915222085
935080257
930542951
993256808
933718706
938701219
909941505
906226371
953350689
500019102
770990330
904101395
931315516
999733675
500539587
930763651
555018767
902775981
662362129
935363447
998800516
991165110
930889095
900530307
905658422
938511263
888065676
995113085
994200240
500065115
912008307
919092379
933700393
935448408
971771069
886502181
970211687
972792926
941759109
722241978
941968226
900037217
959038991
942360706
889606020
914155203
975886701
930047013
932313879
947869594
973151096
996559132
881525355
971853999
973584959
946696649
931436394
938258081
935067882
990554641
972457561
939977977
997184886
939625667
916159115
772772661
942179159
941999414
906798518
886849294
551033595
990524082
889238580
935328611
937190088
906774540
948893094
950907964
948055602
975258589
902643058
881811707
990889982
910425313
957475696
941918093
973198401
912298654
505700942
970710512
904251861
905075242
943348292
943542530
979148900
971820203
886189992
907205987
946459868
939650133
905649105
937492234
905666171
933364743
975125505
991667200
914772038
905330479
908831546
976405018
888506972
939523769
951471081
990326910
950073368
902743190
941687880
885145055
941962110
950306063
905631226
937887979
958893533
912830722
908311802
942381947
916514535
916340441
770837989
959336035
993824836
970763085
911537910
912634346
934001999
932972904
912096066
930095866
944851584
913538844
994346028
932552463
906386013
930760590
937293182
914676281
935699194
932498589
931363448
947301200
990446504
912368959
880120878
901633318
941965393
978019604
912288531
950896999
931949185
931022208
991601690
974715755
912407890
945222289
957767886
915748289
946691992
900370266
973124993
908722714
983034321
948250255
936788056
934234246
904860430
995302868
997590577
998790598
973334406
940433382
916667722
919487399
919565792
902296626
933134458
990234793
882813045
947432307
996265737
940034370
901145826
942843636
938058590
992422012
331908489
916468589
990638189
994297066
972659006
907068979
904525081
881541988
937733197
915770397
884949292
935791752
912360353
906674897
992245989
903603102
770670702
947560324
990344087
915633008
930602902
973632056
889264474
933527787
991341189
991612123
912824151
990586817
931262606
916938500
911592737
972742847
931100759
993792888
911771443
996004105
930701575
944645264
992269300
933482882
939144444
995871069
973927379
976450838
946631552
994299097
944418141
932359671
903376705
977382008
932428757
949910784
770754757
973072120
997241983
996039496
911724235
999895770
902496188
911269971
995229191
911000085
931509291
914428990
941428283
712351101
990060103
996212211
903344042
712246603
944750310
992191186
906008944
938872287
943070517
958852522
991787306
998385087
886881950
950231219
770242926
933920082
770105783
912631784
942380664
942370790
943383332
974113804
935831473
948717060
912323106
942621620
972875655
916210649
770553262
905205120
914413120
912745010
945588104
919672291
915988916
934589282
942647232
919076970
916067586
940279773
945599288
950932388
773042787
712186131
978220039
950950227
770221407
882188897
911270148
958903536
950840610
502213252
951038282
944408605
904171762
939643932
770159794
979945743
907272781
946175157
930570591
977758065
905723917
958083243
952424616
994870501
902300559
934221681
909866050
973927704
888330904
994406915
950450589
979910521
956645354
940793322
992483192
994449119
917616005
932493906
914894109
918113700
942447903
936664973
954707701
950115807
938652860
937812012
919572491
915310000
905002060
991490167
997068460
933010359
992841694
949282450
934847445
903296789
945682101
998279414
942239886
949378496
937377797
900949145
948517717
996086487
933405696
957882900
995785099
888546655
948669888
997233686
936350759
933267468
883862182
932164409
943711475
943938822
949063929
936178111
914085328
934463532
915585815
932901988
944577722
995060099
995552013
942790520
901923915
904720355
993118463
973312487
951035457
946381618
997440289
979523737
932398879
883226064
991334405
881382195
937532019
905237278
912568636
992141384
938249997
944660606
983113838
937556019