712474867
770690786
910489228
913446879
947412050
908844471
906698432
934896693
904288869
950135484
907912929
946294252
931254084
994085760
770209511
888695995
977229594
997441131
946728620
950459912
906559590
931387715
557017328
905921882
978502660
901512486
908419199
883929894
936503692
932327159
996815135
910465565
770077406
916502512
932408189
949020083
913752036
941324440
932152360
933332260
983617800
770697174
905087547
333882173
942636577
919178252
995554112
882877784
944560726
955575815
903742212
909205027
948750160
904061329
917726557
901527581
905336632
937544160
994188556
931592011
936708891
933671257
995017065
936698767
990360206
883073342
976145606
916481725
931973732
552540955
945666110
931340676
998832512
770891737
883531985
914077959
912063236
900229390
992104212
931131885
938321952
905835878
902831797
993010418
952029612
917005207
990486360
904744439
883104414
915279795
900790080
997467080
951303544
936561108
934409302
918145584
916111149
931200475
888365557
551012616
917170873
975219505
987768585
908807066
946748214
998384988
934943524
906004323
883478333
953383932
934444630
992222097
995254466
997877104
950184565
911067592
990708260
883190046
917331015
945232255
881272484
915121216
992147614
956804707
936618040
505703212
904466343
994042466
936628701
947685656
971183272
908854314
887940709
902488712
950765255
995550225
904178784
882052960
948771870
975819391
996807677
900306876
910554441
932502776
931152558
914714969
881352290
883502583
947915045
975163140
931019453
902150803
551517661
930989510
931444965
992503399
904639005
882091978
942811370
941881608
907959546
916514392
505531315
883220052
978078897
774042106
901572181
889208588
918814085
948177680
712307882
991104373
940793679
915161781
932220478
911765359
972731622
994884087
933431762
936114048
901018691
907750185
938941281
939070816
672368602
910740481
888910556
996599380
932968222
990671121
913298825
941011391
909558724
559012882
935031579
886168994
911141192
940738448
917001975
914940558
200010105
997730293
999011320
953637906
916325151
795121232
993508274
915668893
995841953
931278412
911156440
990186094
936082396
946651997
941890088
995685415
942839194
916362187
999534050
977782788
975222813
907953433
997577516
940012750
914637630
991231499
770267875
938560229
906661683
935883395
915894887
991146725
917171829
916179566
935942544
950751218
886652292
999443844
998993484
905033067
945751208
913616649
982700062
991566956
950923254
916425501
934100573
995561397
930621993
939792669
943222513
941990610
936078318
907539095
934236665
902952121
932960255
939181501
912909357
992355253
950201268
993691210
945878616
332440353
931141077
997854128
884150797
947921434
940690840
990319476
903448061
948240165
885226012
996796444
993219898
973136158
914132407
906362477
937321270
993155845
949126008
932330047
944730955
994411785
916166849
979921600
997151248
935912187
903823017
945115011
993254458
993950331
912007795
500046362
947291039
935573010
939031953
914401612
883824787
883960232
934307716
932880840
888689878
987271957
881901090
881958006
902715111
941236850
932335558
888336733
937950133
945123232
919989770
942583985
998235303
940434714
995841002
881082020
938190802
502215646
915821912
901050252
971140968
936943920
933005138
947209890
931671234
903891511
941224422
939491740
901038523
910647797
915434138
949480263
883015885
931170696
946770203
902676027
903971045
913733751
930054650
622248423
936640190
912702082
951519030
941966033
934483775
995889226
919467183
993036011
933963520
946155659
919775860
930856465
939537821
900771868
914737665
977730819
937090056
991218744
972321447
934657744
991381010
938311314
914049524
949228418
995150128
935072769
976788603
655243709
996061942
916558981
946114421
990570381
931910242
915487527
972229271
992231878
909513873
934947483
931970699
882008271
940021053
973476568
915540656
973537433
979266344
909475818
919050723
998605625
939629858
916769767
990329980
992720662
993151986
912868240
912164841
946638234
943050288
902241908
933851193
949431958
990650844
930598304
919395856
946453055
999572403
950917818
993070956
946277262
888588434
946044243
918113987
953777413
940287899
937180065
505704111
948126601
948323735
883127300
973232530
975357377
938030002
888428483
994425948
888448583
931395259
959880889
939362505
979660103
908729557
974344200
992124414
942761251
940452250
888090887
912344462
945250676
919672285
907110658
995764889
944314436
991335386
973657525
907348540
505899939
901033255
994919477
939518222
976129031
919541695
888949496
948450375
938557987
972240216
932930061
942926006
999253519
955071987
913905443
977897300
915629760
996362186
905225869
934289585
912428955
887010504
974444170
882270291
942768282
975292994
994222762
943990218
905560710
944020033
975878832
990752094
915773672
905279608
997979594
945838986
938126668
998801492
997846470
901325575
974066907
902075937
979835577
887537766
997131337
935377387
916884982
990019622
934862686
912354818
934404470
941210035
933091564
976655300
902514594
662357056
946323500
931557781
991488379
992948616
911991185
935090369
900717086
932609720
914664085
900042069
887152627
976362077
933205909
911088684
901906092
978723569
906620460
976950187
959030075
917170583
971944064
918029838
935998601
990711867
942706717
333000903
910734413
940397717
944023000
990092315
901835929
941760357
906389166
932625665
937406560
949188170
937760533
945245570
505080211
953507028
930563154
943246272
906166793
912455380
936626992
943531194
996202616
901901606
932202155
975563835
884572310
880287999
976348996
973730886
942741786
507030622
932363536
993517030
913170352
907104331
910160956
903423723
972532373
997571427
946364113
940049188
996608907
936563424
942858685
931431197
914113422
931639800
911305968
991650163
948734941
944447967
993678454
914260414
958377735
946280457
913573532
909960703
915247923
934012053
916790846
915080668
908938904
930801170
908341688
913608815
944030687
991145077
953362292
938821788
938290576
655524117
996675136
934012732
913251220
932128509
910365758
943005531
908853307
712173043
944091303
905945756
973108168
950689300
933194906
914932167
994267612
882455995
947837069
947011878
939971297
941844131
933129860
991123907
932312618
912115187
949126963
949960105
903050575
978672266
908356683
991768617
910898285
906298280
996621606
932611851
882986060
990730749
913213163
952529004
937747341
913282011
975481691
994422574
880591828
500771697
992967454
909713121
997462782
949545853
908239580
951555081
976181952
973208677
983071331
992060843
991333267
933978145
942224053
945750716
971082444
882102050
933047454
914046061
919047788
947855007
886707372
907732673
934476206
999150822
771058825
933833718
901750584
998751570
940557956
992840158
912988782
937575907
977191040
972228606
917004715
886562424
903762180
942614664
772600774
995446185
979101569
915931170
937726340
919030228
916448902
994584649
959089598
941373706
976290093
906370617
951118997
885300889
957762013
911695889
990870032
972822016
906544848
908807705
918916260
903246434
902104625
935934629
973440282
932066612
994189241
951489597
902312279
903838616
912281794
949029048
973937061
887340086
900769557
889357383
945650162
883855588
938529227
905721414
993438662
919817712
996673619
976184884
912276430
977406804
915800159
999007803
909992074
905088333
883508884
991475999
973458161
936011511
977440605
994984049
933028227
907885817
990250302
943038600
937291516
938837994
931469009
947153727
995486737
936881961
912345293
902649515
908533112
990764921
975019696
982721809
916100604
931431793
932137565
885287575
997014660
900717081
991903793
911502627
770841204
994684556
905972359
937037600
946470447
947900211
881891312
999504784
977829282
958101007
905198380
990549388
942200993
931470799
998113080
503010214
934210683
937568644
933452878
973080079
931009171
907668893
919022196
976381294
976224426
900649313
973713130
947979502
932186896
975341876
770061400
943057617
979101514
996739698
915151821
940656272
939755009
905174168
934999090
931006630
934902702
919112553
940572357
911553046
979901590
948773702
931942471
976728881
902530787
908763646
996993676
933085065
934400312
954006866
916583293
908722545
910773383
908983687
906131969
900411338
912028800
902479937
901089893
771241965
990130274
940625322
945440746
993551686
915231716
978540032
772572029
902250884
914858584
906002513
930541106
505059555
978951778
907008679
900605848
974593198
978080382
909712588
978010503
931742691
917311172
900423494
886070055
901491252
971311778
886775997
908862216
914086881
976470920
916289593
331833583
880281202
932607411
945847969
996170906
913884004
884911999
911770725
935808393
930013688
905704200
998428215
998028799
947081152
933834727
941091052
888400037
993785356
911440397
998851205
930596383
942159085
945131314
882940418
905403110
979808777
904261173
935795798
987172107
900562016
957877758
935129291
950136761
957079355
992826980
935248701
500075018
910026656
957998200
943206643
948421574
934121059
944254807
905316552
916972059
977127808
918260726
994025913
995010587
958500245
958059219
911051244
910016982
916620045
970665857
889729207
882235666
976665762
883178493
915196434
976198188
931203484
902014210
979881501
994079144
889850149
990696457
992110134
998411332
988770711
975779485
996850376
994591345
914842026
976870978
916954776
919555241
933193483
999598403
939699003
995997118
932605778
997274188
732373741
943628287
917607448
901025071
941351186
911602898
919155353
943919220
975510343
990783883
905321273
932092346
991498584
888253585
904286775
903905030
952351313
945412443
915818307
940774668
910156440
932885666
885191193
918282628
905086655
881121264
998648065
936931581
999703630
997126763
979158581
903631053
972091985
996761275
500725080
902731885
972093969
886393736
936958485
976170986
933445052
974411763
881060598
908561413
882878185
915274653
991449338
910716977
975550928
884082018
913614828
940116760
900044792
908996679
903003354
940209757
977667100
939133700
976678677
906117422
997920773
908735679
905170721
910340363