907170405
885307501
910743410
934308818
975218806
916629272
903588618
909616776
904760291
936515331
910334904
979124743
903029398
998438487
934147963
995015562
904886202
939841550
884731178
930801106
945430282
919064686
902079477
950944868
981013100
941738255
970175919
992181871
958704443
945300623
907445788
884371222
947225084
949981291
972898600
976449392
946842855
995570443
994534467
939017785
913300207
886369414
992173121
503012179
335835055
931300107
995693792
973751140
916543489
943455704
977932995
912229470
972225691
943948866
991130252
993877650
888360610
932882704
906270332
992928277
900729177
936099390
884979390
976407444
933100482
990966984
973516699
916541027
336627996
998412028
937647577
944014911
993141072
942709575
949028188
940792494
996855851
935831332
934311016
939793534
990649131
990711478
944041212
995704977
979249595
931772766
999063161
905507811
911693006
948377798
973217877
991435021
945145389
901927275
881228283
907758151
911113159
939324045
906162317
979564080
902743569
991265461
911058012
904380505
979000676
771217239
940373525
551038589
935828909
996388212
978771357
914497086
930520308
934138579
973450364
956700419
941963392
941259607
946288505
905455745
939281555
979102510
938901287
907875640
901578183
918265913
913350913
919751286
934773556
937188784
944316360
907900261
951116230
903903237
889269009
976010309
992554325
940197606
501076889
933011682
931560955
732436511
938101988
973880794
972998475
935997722
905658780
909623449
973975939
940521392
934475666
943290921
905188377
991433411
971899193
945460984
974492775
918271819
991149730
888681504
977890717
938661866
907111792
930637100
915841202
990035371
976710767
972128583
883083336
931561667
933833324
934590935
881816607
913023026
937218517
904280883
918815356
979584144
947214175
887952085
933151049
938307107
932740028
882602221
935910620
990056016
936392061
906170189
970100279
993748878
990219722
975851540
939893777
990833798
939884944
978312223
886660887
907667711
997943963
999756416
998978274
939703242
992579903
997517037
939997634
901665600
976168721
945824570
944932747
998235545
919535570
991413870
914620963
935302283
934166622
931015769
994337018
936268100
909241505
997522255
934780926
933750626
908625288
979290310
996898583
974804989
911118164
914569800
990449502
913519457
935372488
977831116
941533012
905199272
991144556
932742655
949133442
902201408
914935717
505036950
946693337
911579719
978851587
938822171
994234540
991732434
997049404
712183917
905414497
972075545
883570919
900251765
934432287
973898747
907405166
952325852
946848998
993848780
712442229
951551564
998177020
935455750
932737420
914051810
712430818
904283589
916670393
942995559
944212017
919009039
770152787
994257575
770006645
950658878
933432185
889196629
947022287
930892820
712468500
954799209
979303303
772556212
972505170
933821040
906723588
944670465
930912388
905502210
911548013
901162629
942061585
992426604
974801151
995201287
916740239
991558184
770230794
933087066
914234727
994700194
948990097
939384749
950410682
944941667
997780276
936345156
887537886
973914007
940358901
994638717
936266998
941338334
919023838
919404064
948040594
999102810
937257311
902604508
901929703
975019898
999790438
934554943
995132004
932602811
905851779
906038590
945973604
933962989
652281606
997907600
940952252
934825458
954000488
942499769
911880790
943076191
941095444
910041920
712951901
945000358
935291887
912031363
931079876
914429603
707000088
905940522
900167376
906336273
993125586
993082104
931357531
944801987
942965003
993001959
500536370
931309459
937259546
883731923
992932889
919088979
935065033
947391775
942650406
907703057
881546051
944041265
991473086
933145498
908873272
978771889
912215801
996075848
971705885
933411483
934310875
331020294
942194588
940121807
906255377
903065160
958897767
907666109
974766969
903648832
911009656
932842331
971811208
900373091
971999004
931242664
918301887
995171792
948751281
937715909
991948407
918307782
998358474
992928990
992201132
977745695
505737381
932798815
330528273
902980235
973926626
931655083
931401541
978350531
501090097
919050672
917383935
900710688
950433868
950011978
951217007
931320253
944067324
904284282
940108427
958301227
951019726
992975853
908899023
937764400
972886807
949985845
900585452
990471594
912351151
995827084
994008579
943632899
942163360
999544948
908838709
991443709
913205061
919660850
905911619
884231960
950760779
974949355
941830799
948777825
941642307
887530396
942207607
995266274
908175758
932028176
932352797
902891215
946005046
958851282
979078602
937924929
911582456
947417313
947574706
904552246
976781424
978376268
933103571
998643441
995868270
936846771
906661374
975922500
712088557
998667683
933470559
905349013
943217475
939549397
995890370
908717901
975757405
901163306
932645688
935420233
916327003
973926564
902914470
976780977
947679672
999409528
919087805
916693032
993036913
948745743
905559522
993989355
997439303
881644888
934441250
912559101
902151991
950875880
996198011
936001482
916123852
957784227
934390982
932567166
903792720
990540814
949963508
997556945
930831080
935138387
914078282
914023590
996734004
712911161
995208183
939242991
938181713
934699490
915944860
935432056
933382893
883750304
777773309
933786685
902857210
934230855
914645880
997762013
975859693
933095708
905069670
932868080
933427275
915939567
941535886
991967502
993941910
907852257
995243003
997239752
904746909
998831636
931205811
907651407
993575594
940590156
997377982
505009135
912013433
947252011
937676989
996629164
933602023
944188457
937221372
910595906
931791214
950690376
947019041
907932324
907219156
903845601
940590130
939758984
696531610
883005751
945781388
911002592
905600640
995883636
978440497
950212627
911587334
945740985
971604448
940447747
978102355
991747128
979207775
935087882
883922524
944187491
974130688
991184959
900507730
958885177
941958500
940995336
975112027
901415101
906299184
998705780
930062558
914846577
990981042
936208784
913062908
770228786
997048835
941588923
950969678
917414549
941992877
941804390
915991487
884742025
612258118
940271973
915054727
912205496
931948565
982720586
916222420
952627888
886752524
886399296
950588866
995423472
971196003
930801828
946433761
934414852
978610000
903616736
946260307
914098393
914014786
945258389
906710512
917027494
947580681
901851992
906444266
999672288
904300827
900695040
913630396
900032152
918790510
994871124
905558187
904742295
913455440
902641870
991021211
949510861
889225859
902281585
935993309
948698785
904257925
999484101
979148214
978982252
938111891
888033636
902989161
910720515
949540015
942342974
935085443
904198700
991641567
930841454
931996449
935465862
931240012
943521940
911932428
944712928
905693207
932335141
770391962
945085398
904708386
946371056
951160905
998961171
998339169
940188840
933225284
997601739
951557207
957600168
932860963
937026010
919981122
992152655
883807015
943771304
911075366
881241712
914556403
973279113
933518896
948052477
902820201
994501424
946003123
995039887
888770630
770032997
914193303
991535810
949352541
905065127
975345005
979343099
919096062
905671019
954142374
913220220
935932309
906070221
932309585
906726190
912631686
507061500
930662844
949118565
995683393
955201582
906323147
995221966
938968386
993650174
916776568
936552794
904100679
977033366
990342186
905431216
933328222
940062653
950952193
885594464
934627705
937107444
902077293
881016644
994228100
975913366
902795650
910346242
993396819
911577263
906369436
950500063
994112765
948565686
943823753
505828804
916371036
880289693
501092012
901951460
932709565
996238311
886154077
944829616
930688698
723421102
888707772
933484750
938509131
906372124
978921986
907719909
946766009
934291320
975291785
905277075
916630987
941996912
943167786
940535787
948932185
905034856
501026261
916216198
973297881
992061701
712358355
992176770
902218082
973386030
975140340
755325971
972752053
946482058
906283907
501042359
902102080
941747434
947000588
916550942
911043176
712318505
932878742
934938257
932202728
933636853
931698955
902498115
919660434
942442070
996172278
919115159
934238191
936272425
932324860
883256121
915472181
944107790
915254968
904088915
908841761
933752284
937891192
991648783
937752829
915910712
972856066
999098465
995037575
904081189
990270293
933095585
994801380
931990853
934070602
912831660
932106802
914549008
931377763
959781995
935899115
934355682
915391218
712169637
932759400
900363518
991604576
996750200
995310083
934024284
942287870
976205111
902662074
946003437
947058283
712629988
971969011
882856067
933357472
915802526
905410007
993560377
942988490
936548382
934316003
945486595
904131289
881881296
910326544
991431729
914604640
905689424
934571408
953130398
507068329
995971853
912016933
931878685
911332021
998608147
906705482
935898085
906134052
905957158
945154675
770075459
902766762
500093303
952332018
933129208
950094545
959704515
885501947
903175543
959921121
990816763
934142921
973948441
978368185
943331515
903596674
951059798
919768290
930877166
933254696
880288600
933022473
993009650
886442044
946226889
908390965
999478164
948251661
990958191
940020286
988121090
885894146
972869691
910190697
946680650
907108502
903762356
930423978
948748984
902455446
995557122
952422480
931409484
938991706
975891818
911387733
942251815
946218684
932441494
916302108
946756177
977447375
556021395
933491154
942571969
910152577
993251758
948649656
944570586
770240696
947394484
883157586
990480646
934237320
902040491
941369797
916726291
914992923
937410482
916934900
992848202
910828586
615548557
948599565
998604654
942441951
932478713
902695616
935954856
909550980
882958612
971191574
940026515
930061196
974442282
991814980
999881952
552020397
995042459
979170665
938118164
990387127
886125885
931885286
993740163
558022701
912902422
992208916
911612401
901182549
996286005
998949793
916833758
908482354
905470864
702140377
772521812
917364796
914601914
992636415
942779666
889351811
977405757
913677767
936769105
990368766
935213204
939113804
935049467