900424341
977371371
980074090
936169185
980010955
935065212
990665581
991333691
908382868
995550044
997478820
932083838
943818686
909173136
950915601
888013163
507243032
906270574
902679091
990856480
501025126
915893184
906301061
930595787
900696364
907689591
991154372
972948044
908988864
904110916
997248683
990813352
917918788
999858990
770920701
882336762
937620216
999698679
912341623
937472390
937664144
916752738
979980396
990658378
915290424
885863380
662325116
905007376
938361658
943361987
903191897
885006646
950377983
770251558
990715621
976111987
903760580
978467595
995971931
906490736
933490615
911144304
995041491
973007878
998341505
930988401
902048822
914676160
944912287
945143381
936576011
993453646
949022553
937102800
994167807
930685349
995733180
992940709
941816393
903459585
990156475
652263536
992488284
944467272
949218828
507161585
905839281
931111609
935589321
977752487
916887119
931612820
907216518
887650323
908698805
712585800
901245120
552528659
992392376
992406080
951837700
904200525
991040713
901936725
906078925
958181055
997604147
914625586
991171960
973189858
994461457
970420303
900595662
932226422
911243350
932954620
983105222
885236585
770741807
995035064
952126191
933765455
912107379
941889215
903924198
939357683
943002487
882785253
974259400
886129303
901574721
970947060
990156102
938125807
950210497
943164042
913177327
883710062
934323042
933420092
888058684
978940388
990727335
930768279
998441103
916598566
938638504
933336190
913876361
905091060
973730763
908481213
953700190
917831289
912878724
931158472
939539094
994098966
905324281
882191016
975272186
935843682
972161887
996332424
944582191
958849195
940046114
905596364
888772939
990426405
930357596
908712714
970343452
904257982
937291993
882910806
934665206
979914000
978012309
889804787
938730755
999481062
994217655
940290514
931772412
975503208
948017677
936569353
914558889
998331415
918285211
905438060
976361016
932781622
911284282
915870284
936603017
507161017
991885792
942092868
944388879
937400904
906399136
976081345
902802879
942273989
916377717
931969887
976079801
976001211
915107974
992722783
949191286
991871242
908662828
990618245
946665031
971800108
934373655
930036008
955352221
555022597
914255288
976046614
959491508
933195863
931135527
936529095
998268071
916754881
936409365
906798474
941315258
933308885
916984842
937520589
939757680
936905446
991271713
975313038
903860380
934345753
910239796
932831182
941693838
932825709
919081572
940152370
940041912
944283238
914990347
997793388
712482358
933008136
943770714
501098010
978850104
990276547
971778444
997088644
973998588
991527379
940603498
910557558
901831109
931357488
913739529
934792269
907934560
908260521
945876168
972661595
935330314
939841098
995816565
906440447
946522622
991931033
905635304
932202758
990580910
991031275
910332455
900752065
945511014
990681954
770272529
912235755
999147453
883211308
916405770
950841545
998223723
903046907
916608003
931575014
992651785
915763586
995752005
977433938
995162655
949891665
942473397
941684853
903517808
332500426
916485809
692280169
903059911
732375895
932638583
944550191
937325456
994743484
997755053
712422872
971768826
887124339
912263568
952420582
987741777
881401737
900464992
907127440
931046526
973205354
905718066
949265335
942915787
902031048
935912071
995077033
907092661
998342444
933501414
990648631
990952133
655523993
770064440
939859012
930437055
772780885
931928490
917112267
500720300
770268285
940014863
991294420
934395001
795393605
912548683
939914401
976054799
908581201
943981999
973886327
919555393
752215772
933261588
995738886
904194649
941532653
902100781
936614774
978378785
993212890
888391710
990536941
910731154
934901264
943627785
932260605
997851492
981001966
975765194
990391814
908694927
932087097
993555154
937361260
978358590
916169391
990516782
945650562
915810861
904074645
932218906
914221869
907670442
915659761
911061267
200100619
934074645
904180493
941207986
772951978
904767810
889111855
933440396
999439202
913194572
919829116
908397490
934481395
938680484
937258386
991949678
995089678
946369688
947037188
950047437
983023007
886775996
770147507
993826236
919638193
882878287
935582155
954145442
948215535
997380871
944099955
944902600
947883014
886892102
914542464
919562083
976138584
975840103
915128065
915287373
902266635
953328997
903192523
972768688
505537977
979789590
901620582
970492729
933117151
945912578
949044787
907462206
973531212
942404587
945903244
991402969
916820991
946071724
996919912
948270091
937969684
932839900
938672709
995279644
908513690
941116684
976516533
951020009
916548071
973261022
946974779
919794555
999138486
991189079
910741288
935565885
918994301
941990573
979526080
919698119
949900089
946774787
976269398
996419561
915077680
941445989
990171649
933052218
996689296
909096944
938062277
914900640
889991210
888711963
911606102
957202221
946412029
937716059
770374706
905451233
901282128
902748356
933536005
902285953
972787889
883237020
886143201
939193085
941761397
904016762
902511485
770906160
946712061
933115939
712310290
942212376
936601787
932474161
901481972
939714305
940035559
947603262
973964959
949213067
996556088
974863338
907874378
937303509
972729694
939196797
930624752
951188993
947180190
954499121
940495905
915908992
931316030
889838784
972449499
973258086
906841317
985604505
991789339
948508180
914189226
935301714
998600001
935797656
985200929
942183330
900760949
889830108
996860044
909366098
919622825
931246134
908779828
918985666
912864545
914658136
995078893
882252720
914560609
919693298
911426707
978776681
990885789
939311375
931016619
770603307
991552493
933549515
942000221
906211312
978809292
940688303
939073551
919069806
910645556
991050536
910970480
912222187
987756151
939300094
908408250
913449877
912065481
942844334
947190509
943577781
940862464
735432622
943422665
990929462
916649170
931535397
996163932
993540247
970146236
883849488
972274008
947905232
976368580
950856909
880720983
975878444
934366657
770900398
933348377
973103884
555033587
957981005
909491090
907876496
930537918
935378490
949435371
993954147
992869297
900772380
909103639
994283563
978332622
904771914
883240240
991094660
948092885
948372386
888336986
944282089
994126818
507127009
911514733
943779430
973844907
712900330
881227050
994047125
991582338
910478482
947230880
909787571
937832688
913542774
915623659
936181545
959470448
909636163
934950035
913142721
912774112
882608090
972852187
978861489
941119110
555038171
942133204
902790236
907760790
951516060
945056303
908709350
883179232
906749131
935299610
945934969
990417557
951255960
936462126
981551808
777070965
937899942
913124246
972323551
915381719
906779114
937838429
996955854
911179088
505049135
916757041
939958919
995391158
973832085
932514666
973853881
883650188
942730558
501086194
932644492
933711882
991340385
947015882
976398695
953204849
930042899
889229990
992430683
996346871
900165883
915836120
903609786
996343935
936925758
981011801
917555529
903425010
933230627
946296163
918306961
936759505
978941162
916002328
915326817
951654638
901378113
930823272
901514424
902261082
911186919
907711766
919663181
931628787
916960952
881868386
998383148
994518223
944483232
910833454
905267144
946706689
973283065
772789787
998868829
913041168
948820186
994988900
931686464
906757040
944008164
941888471
987709464
974348468
931084077
978050740
936622527
991816971
770339388
912885886
938802305
883320636
990997790
908051621
912372768
930987367
934728494
956373565
944335681
979077727
910741385
936701518
900029582
902223047
903085864
994181619
998411962
972930461
908774980
913881363
990663245
999441663
958831948
930918894
911711884
990524346
949764020
997697403
712485362
902458454
950210117
886385253
909905095
910749384
900059067
905835390
909845501
948550784
941182639
973131775
940970251
930053746
944271691
907797750
889252800
915926266
975959113
942554925
905050292
901060131
888681272
883439593
934131061
9,98903E+11
934171565
885771952
501020057
943772587
917025611
945930985
500091493
910966908
941280991
949461822
901213712
948342988
945544110
934462885
937414989
950712388
907204556
933380559
910643009
990513586
932140584
916622268
941785099
908707485
916177227
900669943
948042463
887944472
976990717
977862387
992916081
507164810
999728270
770168313
949331983
932416865
939659591
910466632
911384747
945660906
997365007
915262824
932723402
901223717
976114054
901710156
883881656
915522066
976722706
938777256
936068075
880967525
933098723
958017482
902633931
998438128
995578033
914587464
915949597
908841280
974810722
951851193
993847003
974418424
999564885
505538595
996606742
770030690
912058963
919055089
977510875
935195551
995554327
959889695
999616633
931326086
904146713
909207294
901237808
990121384
993603694
770541617
943107116
932952774
996259085
932644545
950561078
904052121
900710415
976144828
997381362
930860991
990578862
914715547
974123565
942716879
883852232
935169424
931389025
948728635
979257037
904252636
970181676
910745287
904332627
905322760
907570052
947033010
882581854
909456361
911407329
972641881
991518804
975892060
908802288
930016169
944870878
973983537
914419988
931403887
998293393
992016488
995867900
910487791
951502279
916448071
943653720
902742157
991431074
934281580
888982789
907725566
904117781
932385543
908938992
913298908
945944048
999454847
941027960
906153695
976439949
930905885
936170575
914462027
915814359
507241631
934435956
901076501
908605707
976466505
993771925
931400136
914683474
942990138
979301925
905173903
938388084
906887191
988888180
933202360
908087968
937877656
902516559
888070809
945075010
990555961
912360690
903038322
937958782
916553056
902959604
939265354
930047333
976159196
942269007
943166253
936917413
997282210
919450944
978486111
905103093
949743881
905121205
884387780
977787637
905049295
944880737
941244356
990847257
903181895
975104243
935604404
558032640
999076662
994490866
907902900
993405325
937629299
944796815
977478192
936751365
936147907
941860074
916735969
955528389
555024345