991863887
947556705
936320768
912202590
973845858
941412091
955052395
916072624
881161170
931436972
915097703
900251288
939461898
888708855
991786594
999194409
990757273
993776694
919800830
914060062
978201972
995391560
996470632
934491470
901589230
994127276
915618831
975511043
907238577
902971962
935373266
902441894
934580612
941124652
916992964
900328444
979359565
904000688
905241270
992784978
949810008
935722031
905240260
950448711
889188918
937866373
904741949
931265636
902602321
919077884
903039937
919520092
940646488
883185335
978220380
938383507
991221703
883909386
916829876
973504262
901441225
655524356
901980425
948151966
956039997
935813936
975654700
911251936
933175571
941652442
937737428
936211300
971920093
955531029
883808286
918221951
939361639
934201504
907923532
987784443
883121373
904053144
917083664
902299960
918141252
916102366
971281441
911502315
957078023
995644148
948825657
975825909
915717992
935142827
993031416
934872479
937488013
883807811
914502689
994426772
933651570
993370978
932670900
937418081
911993026
886158444
931755703
941075227
977137242
932919262
979019679
951039787
999101709
940262495
932387484
557057680
910481264
979221664
972781810
901650320
914555668
505050198
916608769
919204055
948053534
994315530
931630491
993722904
991936433
994165176
912768685
943087508
997085640
906622220
882082595
919111352
996260026
909936667
973043672
900171879
994921519
943350640
996851286
907761366
911495197
505715955
915342004
903250506
995717953
945926068
996544983
770005790
943272525
919922393
932251873
930047846
976698086
905602590
915642460
912040575
937871967
930678226
995117017
889033545
885157778
936991504
905226905
942524082
908452328
932400787
905839718
932570858
937119717
973971563
940091617
885368682
914166970
915325299
913283101
990202860
938587573
943660071
945037913
933529329
888458790
902402546
939523769
999054002
908475796
932836974
991863485
937089995
995202285
336631497
887050522
991556808
932323363
906806226
947452695
930458490
911501257
995052876
997853099
950792194
937188777
932319310
941220208
949074839
902058747
908736454
940222368
774040105
944762332
917746491
931401294
901001173
934812297
977533312
903009084
994158022
933692863
937450930
934818214
888461972
950879398
912820112
997360855
931093908
507046976
910355549
880909266
936877274
883996245
941058884
976721095
996733822
990791960
944145502
975129242
884667179
947300772
904256080
933145924
904051064
998514992
979728482
884550706
997121512
914820591
997363181
905846837
901696772
977855526
990940684
947077280
995007764
917130318
932230393
881113255
973661785
945580029
772660661
947950821
942174414
981277442
946010773
997969186
950839388
939939364
888931071
880103384
946381086
930585633
911049265
915533620
942594454
951020907
919236607
975662107
937831007
911007130
951377788
942133163
777773308
979295917
976738281
931018241
905078656
933511033
903900578
940790377
995486463
933585640
940200729
936161370
956639897
947952780
936624122
948437983
959301972
889250087
959790078
992151388
883551953
945294654
950041029
993928202
996291589
907117710
995583056
943023966
915840906
908370680
912437703
505032361
905227766
906214454
997910703
942673386
919634833
953737977
993787805
772627767
939360591
972271685
912047341
934434234
940581515
904792246
993087501
887003013
959271100
916694908
902193895
932133616
934917729
990760549
906062529
770578786
900919143
999811871
975744070
956262729
933345475
957502123
901970676
912673230
951520211
944543084
956700012
938659555
916800012
885184333
917401564
883578171
885797255
919119712
946104141
902129129
958379009
977766869
930044318
933638103
771157373
912174727
939000092
500093523
945110606
883827477
902003685
993917478
997876047
949091116
995777418
901500353
905084603
990466450
949097612
905761646
975868796
952117232
945365616
975306858
934821409
973850980
932868809
914653114
995966058
948998605
911522231
953222628
991002885
998559080
940676989
950279995
79506115277
505821113
948299287
996222991
977995759
910799721
973732311
931179805
904474578
882239390
970370575
911551290
993909255
905404728
919121977
934340715
934590591
916807523
913965209
979975497
931615997
914894736
939366661
906092326
938366161
932210291
916900207
931588679
946955610
905716281
999563302
974714144
916438824
930870651
912341082
903254904
500078881
994405575
904650571
888490711
904101098
945250392
970145714
945984036
901668662
903073822
915283187
939416446
991962278
906594232
994836423
978483788
915157088
914520727
911087177
931140019
945093987
918699767
905510710
996150556
992008810
931120053
905451125
933439424
902071081
997365958
904795678
880714347
991874909
906977746
935995979
992358409
770224299
993841115
997933988
910322799
913481518
919678525
977867168
999778454
975195056
941874167
914920838
918149863
883995290
910734691
909087408
915147208
918286017
907214564
936517500
931560308
901583181
902231410
991762192
908516259
949204313
931004510
902923066
939115240
979139529
992219957
914169097
999522557
712588426
916373791
932715761
932855118
903360570
914022203
947414224
994646724
903600244
908249019
916060394
931169402
904451203
943690093
930586385
949544080
937014851
976793139
882942502
937681084
901640578
941321851
931513135
956675450
994598969
903577653
914828591
992854385
901026220
501076960
936031038
933693209
934820893
931349614
915822316
770094960
884150787
883906654
946199838
903631002
901794406
950035131
999850669
976405677
990480635
906252883
932990928
996746318
916531696
885192729
938988809
900360994
901438025
906282231
911220744
945786648
936901587
906220517
932679197
990698647
992145070
997227796
937819117
931947267
941402327
988091413
998861599
885141378
933241512
900056024
918145685
955542088
930703620
997736458
998558566
993560243
918154709
944689068
886768400
950368865
945421957
917120892
948172082
943970208
997749074
983021303
997210339
998741174
911284720
911145040
977608590
995725877
943017043
995390247
732451965
990523130
902183257
994773306
996330422
947852550
973269955
935756080
976775880
935202788
932628333
915660467
901421259
991758986
913288783
888008703
907223781
946870264
755220844
976512481
996681203
889973060
915235369
991104047
992394283
932895221
936927107
905044110
991600542
941127582
932567108
905234882
908341460
995968985
998981007
997260313
917826809
978439290
954204222
935179177
930676277
977140989
943611663
507242012
934176685
951256011
932493739
915497409
972016077
939792323
903994779
944609949
505055701
901795472
912752566
900405772
912296860
915739110
934162656
946468680
941866204
916462043
917382738
904062441
913291986
934592270
990605219
902450619
995298360
993140282
902842904
951340120
554520444
973823601
886405855
934946591
972503553
941722468
982720029
911011273
905189823
772508786
994583780
935540212
946972513
941525152
914088714
888531555
915092874
886920208
911250947
932375775
910364854
934581464
902441890
949021708
997404809
999350809
937570048
942820889
886360033
912255115
500548584
991207047
990963012
916733455
941588110
941979515
987009392
904481404
919000822
958223858
947473015
979079079
937490140
912781898
971434262
943485063
917877837
994430086
916033070
505709092
883830860
934420739
919255931
991465479
938178616
973798919
939555677
972724548
933350556
907978559
916844294
907742094
999412589
939167954
908077610
911680386
991962900
946720248
994071161
994488073
997041419
978388207
999540362
936498187
940374567
990997372
941791083
990921375
934905171
997119788
998380931
881991505
939396564
995198277
904289502
949925626
941311175
916536929
971980488
910090642
901136181
909044340
930450651
975268685
946580806
994052950
999277371
930978773
912250706
938144100
933434080
912129751
979127714
907104940
995911365
933036485
915867818
940527976
954541295
907208418
911125426
946131394
996273360
905706894
770551058
941021054
930544044
932035720
970023757
997184133
978308484
936156276
911802108
990094087
995450954
992247805
932553754
937893152
931769220
915570782
904384177
995340076
943567756
917175862
912829484
507053904
934057206
622238952
946850086
938593300
936775516
993960618
908450836
944062323
912414006
940511475
910599580
950728176
945139224
911152981
936543644
911093420
885762242
945775706
932909658
932074186
905435586
990217456
930426899
934970053
942477887
999460985
505703615
983644700
912054288
915147767
905447775
970200570
991164939
909056533
909176670
952529909
901049804
943933603
909157608
770980111
901048302
971982388
997589553
975504993
945804649
942734507
977008204
944566007
771000253
994201058
987771478
914636778
977587790
902271689
941977517
916524152
998064249
770595577
934310534
995002778
949230201
955707060
911399666
712431271
906358968
904253574
931780973
930092524
932764245
998828309
770367606
889903393
934121330
945215153
990262585
990431057
933547272
906039503
970722264
912087723
991773666
946176930
937013088
916772564
931484993
952130803
973128861
910757535
919609155
976357969
979252047
902655221
917109993
889022215
332310605
886134174
992504618
906289945
936442501
911451268
953302079
919680458
944949376
995301702
947108899
990304745
938972777
911145345
949710387
930592915
919928466
991884348
911385046
979334994
935522683
997775634
930674820
933584191
991753187
916167872
997101613
934768188
992381686
955451680
941921650
905875576
971931888
903340057
939065455
919495385
919809290
930642375
998039940
933474366
991781654
978720362
990834400
883202168
885308877
933582249
882874097
918102189
916016797
888404491
887962917
990762109
902000804
919547724
770776931
933106334
993106636
507155002
905181579
914701579
972981991
910168500
904439767
901040493
912293589
941965470
770078187
503010122
934680389
937808487
999812928
906763283
889910530
976809595
907962107
905719175
906155157
558090341
904121969
941110209
901664266
903600191
975851968
942675240
905163630
973503573
991521506
998016525
999811510
932838589
949178601
935709531
911523778
917102007
970452016
936550788
932433375
971915251
970215544
911646841
996662968
770223545
971920997
908788594
932159502