931011743
905620344
991168788
880100224
912345481
930967721
998668212
934522284
932355348
903046032
904287380
974645758
996403164
553514823
889342930
948551559
975727279
998782016
933118944
905176058
904783237
940099151
900738287
914470510
996788596
336178321
933571206
996683121
916294915
904925205
916772289
932909970
996455222
905023300
916121771
909784036
932016119
990530738
912030781
975841303
992661360
943844193
942409084
976095872
905038710
994392020
905979795
940895588
913145080
941614518
999522810
976857475
934262556
936944769
911100278
914794850
770248682
976351066
974196001
992154056
998782088
935428865
902988783
880074889
935381086
935911554
997304246
975120322
905987276
943115591
973248882
939860192
934711023
903532257
971570081
977132040
906662498
905631652
942644848
944818155
905856144
907497781
995537917
904510295
916757561
911220864
933394798
977181077
977576391
908110081
696532335
993412122
904118916
993129583
977566818
655424516
991924065
885852996
992155529
911516100
994429190
976047929
999597884
931661191
904404385
908489923
990355214
902411188
955563003
938518211
937732087
935636412
910595256
881460383
933005218
998561790
943630597
702028384
906028030
934120620
912597700
916060473
916680093
881111934
931876157
991094032
982600200
945138046
770885110
911090458
931857906
333595959
905223285
901836460
917333346
947336679
971812011
917151800
908800866
915041238
915920072
912222065
770243069
936400970
999926954
994185155
937910307
991459353
881688820
973016511
906112531
911897929
941823425
998059551
916862203
997239384
979270920
934022621
971523313
903294829
951426126
996771017
930756454
975598083
982774433
946371989
900131253
904477147
983015953
991967303
79252290024
999981659
999657474
912828344
957708563
938281040
947226312
881523338
998350185
949781117
9,98909E+11
947554717
934339242
973171666
976117910
936953035
995750035
941798684
995431333
994552248
958709602
937955083
939071222
906241883
905234628
957775228
931914868
939716699
933774188
943410574
905824348
904557079
977496973
945241583
913987237
935881548
882341007
908561603
941478027
911841985
942761464
950875567
901520778
917417442
914020219
947992500
990072544
931912024
979231417
991252595
992992152
949142772
996597521
901732784
930024203
885367788
918114303
912250304
932428714
979035750
934066801
952555572
904289623
931120455
992828030
993961622
951035176
932622429
957078604
505044128
914924076
979949184
997178835
973190189
950500149
886777767
915815484
947931715
931223545
952284225
917960243
900941554
998052903
979883353
905335667
500071864
900998999
940407572
976471012
993154900
914927475
910363213
888432209
943457910
905635990
973812185
950797274
990186638
939867274
945068945
997069803
976120686
991969235
908748232
905072720
941187693
915473764
991805803
976313931
951830767
902074997
947973709
888931216
908941703
932412175
955030362
996335226
914878424
505525861
979644747
978441988
949148288
983065202
948350030
900248428
906252563
976473223
930712715
908835650
998251314
931004037
906441061
999160290
941755485
904413163
948548387
942815474
936880365
915155157
998647411
330399539
935670754
991368482
904508187
956419188
930828996
911991317
906678004
880901668
888312909
990309811
936185228
930067801
944192256
901018787
934593029
978566361
912104346
945935088
971188918
935332310
886781948
905512868
941142685
944544737
937578772
978407040
908371242
884822200
998811662
915654808
995492089
901423707
996304792
931102604
930562654
944701947
919616145
908745512
995353884
987753932
912411137
934619112
996033774
913451533
901420742
973366770
995851872
901424062
940416686
952779311
901427006
999734838
904442837
907468101
931301117
772727981
906276774
997640528
936971960
997586830
935179704
916348606
930083111
988081819
998786786
916439838
959204686
902640426
900508511
551059534
995850219
997474455
943190667
933330319
932380001
996221793
941512767
943529705
908228597
997220613
931168418
906550534
901428105
913220303
913442077
911083611
942463633
910587956
950071638
882232296
940781600
973251920
912646313
916881744
934291338
915990913
939061187
995853001
974242774
971146568
930358938
885486838
996368895
910734412
999289100
997586121
995857072
945387273
945270961
942334013
944351521
919810266
976286347
901427844
911081977
555117750
931611066
772645354
904701608
997614787
919544110
949229085
932288190
932956141
916014210
919452644
937521727
992150057
904796994
975728448
940450784
948791184
882375606
911186264
976075202
901708107
931531817
948764046
981254407
997335428
935182969
911454520
943962684
976951716
912259376
997788852
950094066
997516086
937581210
907222363
947144500
917112004
973510629
932112192
934526663
933220191
991482114
908777568
905681373
990882581
901649054
991080480
999703590
940820092
910118025
991964394
998862488
931300954
883741953
991327236
999894440
916660996
938005961
911771979
916099183
883322290
905891037
957558690
505049459
936903810
914637416
945347870
991008051
906256889
987740345
913690810
934313931
958112885
947518159
882966206
915206763
991411083
905452345
996276511
934400482
934450286
913623320
935359085
950304315
507045551
991418334
906879702
911527323
999923847
888071476
906378827
933423130
918208840
902294322
943810496
993307948
949475564
911053585
992194478
901925727
942443828
916013936
940117621
914837485
900999991
900168485
712935150
903653225
990296307
932843665
995814066
957768791
887686813
991932017
770328696
904110688
987005700
945717164
936781031
939027786
978167576
905153685
944504959
940154039
994491438
992578189
918212481
935808203
997702159
990424516
993380174
932531388
931291985
902551946
991932220
937322829
914428189
990856205
505528791
900341787
911204452
889530178
912826124
931645560
881888617
936437270
979236553
940764746
901628229
705521082
996212857
991104034
944168889
905417873
942018985
959799747
941388407
930728661
935630787
997972820
918133144
916068867
997751995
935719663
941531324
940455590
997691919
912294186
914146500
997117897
996615483
997194766
904516168
991788508
936280048
907476793
905860745
991503584
990406849
919651001
975875710
992652287
905340563
994817820
970498281
905065214
916610819
975472566
941506700
946021190
907836110
942566197
900909445
990447589
945207711
919668775
916672275
932983116
944458800
946820607
912629739
917330776
908733577
882376567
911772169
997094223
944341684
888079686
905547732
958018381
501079445
901701789
992574025
935243629
937410886
946756585
500058792
934212278
882598685
996052789
934663587
933668380
910200659
991146444
939909011
915740779
936455152
949912209
931355660
505016695
916207277
905644610
959660194
910248379
936781921
993459245
948252600
941123038
996686126
957886881
990037737
974650602
909474884
905865019
942392795
976791015
910556616
947313242
998419695
774448885
948564110
919669795
937241948
902845818
995731520
933067378
904071517
933464882
999405403
955040507
889011466
770011671
655027147
996727575
900011321
500736800
934526919
886317949
996687534
977518387
912023564
936973161
974545717
948867470
916714436
880697079
910560802
947341997
943934444
934201977
919251757
911076485
934635156
900949294
952444913
931637787
908857782
952291031
932026922
935684541
937436486
9,98889E+11
949018962
907580625
935740788
991560984
974590577
949159307
946428502
933366862
999974349
905230488
935979296
913990717
770225658
947156939
917384515
911457737
994680982
934896852
909489044
944520165
956369767
949880031
990828567
951768282
939114010
954492530
942683860
909002311
992720507
993484849
907213079
972840801
957370793
934094098
991308658
883865053
880090984
931461328
902081911
990268176
943008302
911410599
935808068
990990507
770851385
980001223
976580206
992135014
996633306
934133865
945030324
905560892
911292085
889889444
943675185
940502602
914204111
935799855
931070959
907407009
945057427
945422087
913799604
998134941
973159334
946542926
997729104
908669596
975550596
911085949
9,98974E+11
979518091
935157167
912631966
971604052
975377088
930063904
932186660
913026075
993874983
934406468
889171882
919011988
944451186
901422360
908326963
979861693
886757704
994332175
998967844
908351684
908200773
941099280
931427775
933736619
933541663
885261181
996028502
902426129
916685235
938208871
551030085
959209088
902958173
997248440
972902477
995211209
902437050
993171920
913816696
940114850
992703848
945214757
712789736
913770361
770122016
942811181
991135073
995090810
944405405
912179979
946663232
937994886
918222033
990248696
941380729
995426095
505519911
944919135
907193359
973847919
937463191
999036353
905608205
904087959
881740022
942272157
907113244
979608391
941218323
942949194
934839760
933071710
970117722
993430531
999460266
911195717
972798880
937226490
932863191
902477282
914711565
990216242
886516040
999203910
914630709
915448675
979039697
993887979
912416653
993344521
777278280
912979706
882282865
936201658
919249887
941093464
941751888
902022967
993856329
914169437
945242112
974046963
907595950
933464988
952223119
913777711
998540157
930453265
978145444
906761522
885161711
936809813
977872499
972899198
909288237
910080235
950148189
937907755
937484000
907461517
902886182
906567508
917328977
995495509
917843203
983135770
948133700
972939590
995810173
916596191
993440570
994496430
994128879
933413887
934626066
951864334
933759977
990092606
916175778
910439903
995829810
919520715
906348971
973020259
916262321
941070674
991747252
979736323
942804102
951070265
978926064
909302818
995589396
973832760
942780463
886392965
884296363
901175278
904881669
949968380
938711953
974469934
902328280
930868069
916670077
996299435
771055606
956992824
998685105
976728072
991035483
914242533
904280292
916823163
906085734
991352987
914534342
902900163
997162788
990838996
912366409
976076864
934243436
995650325
930046511
934060586
942351916
971520083
991600334
917606880
906007602
993252786
934571783
975202123
998188183
904948171
937077191
932117105
915575087
882560898
942920737
942138636
999447500
912014042
500729301
993817078
999672617
952445900
932901582
909994474
982756642