932428286
946594555
946721080
903868286
975806667
903776866
911455833
886379717
977623898
970726968
937381257
904549875
974358081
932290890
942121034
918297728
939706508
916556979
911410625
906443119
997412492
987777487
939621950
777071948
933181618
992766036
908802285
912650788
933290986
696523017
996284196
917754758
930960294
557049436
937140481
931979667
994286620
905023300
994110397
915038836
903082885
973018688
950625777
947300782
946498097
914405616
975332352
973123686
934307778
995765796
991371528
934707995
943376769
998925556
941852626
908670690
902949302
770798677
972666632
914098723
911169038
978700897
957073252
955516063
992950960
932614330
912434101
908518293
505080083
906099767
910918432
937997073
911562262
994257760
915666468
909013376
997044303
992578804
904661695
975160366
993481945
934323944
505536133
975124499
997301527
933645863
505535566
995967585
914971813
902079242
902651993
971336109
881067587
916288662
972120533
992167404
917133101
975261511
774772929
933259958
940322085
910515204
912920383
906141697
505041087
886120987
906661975
992082810
904515949
951053365
933262715
991713864
999112484
990253321
995286654
930896471
970907738
997376440
956604818
970788792
933571034
915673832
941566465
947158318
942835427
941962751
991615758
996347848
992350548
900919143
942802406
707003002
933691182
956410313
949933435
914564847
913578290
998505322
949981048
936186892
957769392
937536559
955535376
996021118
931486879
955056772
941340282
940111389
957753868
943179303
933511788
933428902
905126606
942230463
991882187
911739086
996936365
997303214
886691976
958199939
993579202
888617010
946198111
906088697
913502320
902249854
994455784
973268082
934911958
904554844
934761468
933582195
911565033
883840285
972942292
938290203
997174704
936026785
932552546
905833361
696535556
942410069
911291505
932310491
943879900
770052293
908805375
901513360
79660197101
999686879
935674586
994410204
906781852
972791563
956560524
934162656
887058588
953660091
995651314
991428996
942184759
949337738
997220545
939028646
903820312
919663181
935031797
970491326
991767990
884230377
970859757
932318312
936708370
933118791
902122590
945036366
931641474
979909389
973341953
949960553
902767856
950007407
934753331
945906981
937778726
935510489
943426458
972301400
913228072
945562040
993269571
995535865
996053486
904280506
951156228
991820978
917582989
972442013
939411418
908711992
949131261
939884442
900595394
991185964
993344678
980002620
916427854
938813508
947849690
945868568
932812009
936000989
992904515
944579596
903886757
941260240
948705090
500547905
941011783
994811965
911247307
884827001
916800812
995242676
933162701
934293336
902805499
500722837
908482354
950025751
946676478
936361519
979232882
337320505
911571076
993248797
505766261
938549428
957738468
933970911
915386172
956597515
883202902
991684000
992365532
998031046
916628037
912075001
991242956
917366434
981219119
990291057
901516469
500551025
900424341
712451075
934150240
771412011
976160231
932282180
990788026
993302399
906802805
995621370
919715224
906095901
907298697
974275979
993983664
931602133
977732016
905049395
990469106
935708659
942938688
940379721
911431219
915973101
914503699
935962423
942669080
943198600
933852420
947847519
937263266
913879241
992592182
931376019
940709423
770327980
883510262
905051042
972857763
880073818
997967284
992871393
994825343
995488803
934934999
932952536
933671295
934226006
943719367
915744479
900328997
936410696
900772021
936503021
938071084
900419891
906112969
937262006
937939304
941221764
941791197
712475467
910434395
905063052
939874767
930502183
911075760
916612529
942383212
991130053
992378605
946283935
942899116
950023073
907672017
907790907
946408487
934249010
945581869
945980985
977636556
946301200
948415860
946669750
991638743
997024844
941618478
949596616
943018150
915902726
883171801
931670039
934852126
992887300
902272205
970405022
995182351
712091044
973222487
993100777
903805346
943061315
999214188
977751192
932670283
978016929
930548511
916437172
881060163
991147221
919600114
992234071
993687997
913952919
999820289
945300480
974339796
919596390
904596468
981104243
692331818
992887286
978501449
901421442
904577273
996885011
912130642
662363620
992121559
770147729
934952154
943772812
941380194
901654969
933617209
972112958
914803191
997302368
941622497
915155200
881888285
998300354
933449586
882361011
998774187
990258955
933475959
999984808
933481215
916399392
910018765
993332458
934622077
947250382
882936686
993489189
934201716
990765556
973520486
935003050
983091658
916311091
933450446
931654477
992129295
991514700
900456183
882627772
555126667
991715963
937543887
995974726
900085331
933021884
917199646
712776095
990922934
901515109
913462346
977857490
906541229
911991767
955561494
959799691
770639295
993812066
934812019
999301552
889083338
902440602
973138363
907214021
936972286
930034160
919723313
908494648
978370048
916798040
974062976
908992862
938918507
998049795
978041970
991280381
919257303
937224413
951012491
915764696
936508524
994436869
915991802
944004234
771001086
982100030
931412289
947335457
901022542
944185418
931003239
958700393
915106868
940502100
982613598
944473387
915892206
939995537
978787520
990980698
881074114
944562018
902211178
994380787
885410385
900039011
932290086
970290195
906451532
943024821
911812102
992248798
907753027
979992805
905505944
936636722
933313910
507184606
972157783
936528868
945827919
901378428
558101470
941354131
881637010
908677769
955309291
987709464
910622528
902922435
908580082
907005449
885915755
946210240
911573242
918159732
938047337
943041809
978498900
908080737
904268817
999033308
906994001
972282187
996401183
881929101
905218537
951242406
996205828
995269092
917388588
979260846
911050490
995683061
933084790
992127015
993781450
972782276
557025255
911132148
338861086
615243322
945649487
900017624
937768273
900733081
908137012
907696799
978434585
901637377
906333578
995444866
941071737
935528797
933866185
945520067
944549288
970204544
903885577
994223376
991746201
934305012
931216191
992892666
881021199
908790463
932514494
885760401
931289370
945341040
997780688
994596871
938697704
996031773
958287828
942099819
994458737
915187839
915755528
931270656
999187282
772880670
977380701
951119158
993119849
883011907
949957018
902962638
934707588
551046457
937393066
999001857
889250115
993174192
910198118
993152793
936829595
937219842
938171093
995709564
912375500
942132337
931896454
500772826
722227136
946286010
901478995
936703687
942000008
975457665
979542590
931141778
909555058
936700205
712572325
977602474
941979669
975914148
946381945
973180860
971147117
937893011
938304656
950635502
908852794
941978926
946251678
906667631
941835857
901907929
993192911
991932184
910754895
975500850
945230713
944937686
902460798
936515331
952240855
951014605
990153063
946254958
900430401
911108999
975774121
946584004
936800643
911575088
946580792
932307585
975666545
990618789
972292611
914005331
935041629
948448441
991249591
937241686
990040890
973821918
934329309
941361981
912875237
941038239
940578589
771292924
692289450
911961603
992063848
950399228
995528812
990975148
973833008
931212963
938990490
933060368
933575408
946778759
912451868
910570768
930693239
952376969
932454451
910401617
919778796
934681286
918106656
945665331
932097159
919100610
889240910
992570690
909142605
946129836
992918726
993129398
943048434
937127798
912288615
901967073
904030386
990250314
936980892
905523585
930597266
905076871
936229832
937125702
948222421
934444489
915502117
902973959
945283330
950986567
903103151
957574771
975494022
882445751
996730712
999485486
915983036
900170893
888952252
932520358
887431959
936534929
931062762
950337628
909921189
931180964
970704585
970458384
933442724
990590512
910801978
943149821
945673319
945218308
904258088
939264507
938355508
932536871
942408300
900392806
900740485
910800100
910635253
881010024
970097677
978990823
908852354
978461491
914423037
931971530
907200834
931531955
906083004
975154842
997533419
940931950
990427043
902897791
994336874
990364989
973827093
752257267
943008616
970191626
936310069
991517686
990346976
919006386
902653488
975500359
935102061
883007772
935484868
938681419
936204300
950567580
944717012
998907924
771038990
977848700
914882625
947138384
950010894
942778097
941290759
939935667
885789858
942549009
911198232
946776727
916012260
978451001
930032960
948708580
996414598
944008073
971781600
935861115
916701064
906104280
507594052
904518081
915306930
887904414
996193941
915978439
972844224
937162681
941621727
505522027
939352998
902015955
501038383
886361920
950649984
905425169
919541809
998814015
997668686
936155063
979212091
913291044
979620835
917160959
901044393
950850779
907912919
888098389
938558608
907658282
930792511
712747565
991626730
998960592
886653727
904281957
882415660
931484033
906764141
889626886
992950098
946599171
946109195
914727197
919569382
943660414
974671267
942661810
993943377
932868959
943919645
943384945
915068565
912325818
935087710
915881581
912002748
976372030
996736174
998939599
936402489
884901199
999680292
712285913
949958894
990746300
958048890
910334074
999273231
918319190
914464099
975055549
948749909
906282426
908855663
972926500
992807552
908685300
939015080
991652688
935325272
916640845
948620465
770710867
950130283
932319594
997929989
991860641
943738185
941389505
932500614
970000775
880373993
915406133
932798288
945462003
934400889
991432112
940746790
770088445
933005172
905756261
973228619
912374313
935752032
339805540
931111990
916685354
946001223
997633545
916694942
990574060
883239666
941370961
998091689
770550190
979735333
940414447
946199701
998161099
950452327
945713992
994179000
915643502
941853224
936513012
934595605
970107717
992176770
884260081
943549991
992169121
936644315
884664588
992350012
942844414
942573993
939671601
946803484
998843334
983041967
941831785
950561204
944460357
946581395
770858590
918815783
912226975
931580019
901213757
944924705
996884475
907130434