938351187
932259605
930715710
991952070
902511868
941716010
947180869
555010052
883874212
906731252
919924177
932345381
919228569
990251258
993317273
904482217
712586169
934611022
996124940
907478983
884989200
905158898
557058875
995969563
781502200
959594240
971311003
951902491
979121815
931469689
938270357
885454422
941782924
900144184
974690082
940352988
991088095
957737318
946817985
945941825
940701022
770850988
908911954
338820090
910755694
881650926
938812882
991388135
998754740
975090983
990910889
912024062
995848908
934287807
950452669
946872256
939769777
994525381
904010129
957730161
910631983
995034880
889009805
905175280
930736658
902887573
940367772
944929215
880609389
914873640
912070393
935998691
947500409
908503594
931523654
939053235
931397789
997342338
916610234
932100810
946247670
911877220
930384575
942364500
914944944
945646766
983073999
330892488
991970274
932370451
975298001
994155555
883814040
937319098
990718214
507045288
623946273
936629031
944975053
970500293
916868047
973360157
912036753
886751688
931540450
932391459
976798656
945420006
931997507
501082644
944484493
942046614
955540552
937798159
880201285
976493870
994620295
884151180
900825383
931461609
930048824
973600732
990032186
950414192
907491618
979203955
991170932
992838189
995303485
940795020
942203637
953322108
934879784
950040331
559003252
889990938
993052399
886345520
993975872
972202872
976667001
908430190
979878721
905895998
908109402
944735080
904850620
774442508
905798086
932471003
919061991
956339963
932718949
919669878
938577774
884569188
913110588
977259841
990097834
900221506
936638292
945627876
930508768
995830646
935528807
934367001
902197553
995282560
552020585
911049776
942346336
945718570
945545373
882810502
939792039
971761965
994229203
909307214
930784490
913803669
930053420
912064510
886707308
935280786
904280666
903158635
770532309
916078982
970360711
903315979
996746569
916863252
770080490
992208649
912478938
993921115
932000647
902508056
996460290
936298482
946483300
934585510
934172506
931757719
991116568
903888902
994287682
903412877
973856369
997282563
936839399
941904535
933268388
903423962
978630313
919493126
940532014
941444733
912291972
992801966
931899052
993566274
998519455
979561161
912173207
970102008
990931569
943731951
999310085
939391686
940980128
945159510
997283625
883730153
939752494
880078306
933352316
931258400
913692434
936369922
942710778
916708208
914412370
905210785
905884134
917111970
934542688
971015300
933162410
919597499
974232160
995755525
946098676
992146660
931082787
912221363
941956068
950430728
887007512
945443309
945461281
335091848
953731625
910731050
887870910
992047890
932006288
742288666
917607378
913748989
948112655
978920412
505795383
946857198
939682151
946597659
930000463
932531079
930471927
940142683
938722785
976661024
995510273
913815616
976788808
914872440
944202724
972242827
935650758
918071984
904432264
916346150
902766067
946397288
991021074
902970411
912096410
959025878
996665669
886252920
937240465
934167995
914817292
907535303
999497232
940470309
932421670
937489676
972438684
997071955
931240771
995604575
998771599
998909641
911090712
945178581
911727001
887033344
976740151
501036720
931041670
907595025
914949107
918982902
942802406
886763008
900596923
916643547
942176650
900604051
916963827
883965678
948808182
932658385
939859653
939348494
912855804
941990255
938128586
972908882
977170155
916319288
992834645
915865732
941658186
995593687
943691663
978950221
934710691
914543584
996600472
940118304
905512095
941311282
996502485
914141129
911937976
948517848
916914617
500726886
939041761
887030883
902179804
914565944
916579362
948290486
946592708
993658269
956267047
946771657
992609013
990118694
557031214
905086652
990629582
908753092
979084445
902779963
945061755
999174681
992938949
941950188
996804791
931752769
933496670
957024101
903166009
913203355
904471442
505797982
991614447
931165772
905210187
946823909
939648679
932582436
933382446
906728912
990900048
906451077
943069328
906600788
914032909
939460460
936092522
996180007
900067010
937130250
935740690
887915900
903118595
971160970
916516550
932926290
971120456
911505523
938335817
949922693
930816122
936968279
935338058
952337186
915425392
918152221
905076120
930706784
903687211
931294406
931409966
906167275
942146574
935953326
505098588
932321880
947727106
902909484
944231008
915104737
950808478
940937110
932370248
917424110
912065737
919054260
770301520
933044133
958280560
993303587
919541083
942718677
932918382
936944262
994176683
945429023
934210160
883240980
931678033
936245852
915301962
994054434
947011915
991487873
932143192
912912859
958080965
991976466
973992773
998851808
945657871
939930847
937379247
974696062
950608895
991965720
930838244
990683847
997599384
999026131
991711304
915669101
905055535
991032487
932314838
935992497
939568000
905414686
952121744
943260519
931623065
939229100
908794313
932178377
900198747
913298830
994429157
936506468
904139484
932165176
932595068
943125717
975361428
501041221
915973542
914934005
905897927
996418628
955401960
888060105
904541215
939850684
999024546
933646558
902087680
883503062
993627369
937431789
910366725
945418711
946629004
935174087
906905190
942971485
915543978
913455603
995049794
916182207
933090980
990635912
902985979
991710361
909033583
916419883
917714848
939332481
913840728
991732118
996164003
954559466
978785857
937782627
947851715
941683998
908505244
931621666
944634465
947111572
948214560
972918223
994014048
934844646
888075577
917795705
997746333
936962797
932650096
940372266
887918281
995770305
978770590
901272002
950627555
914827104
938433818
901037974
935942726
935842062
900571919
945230064
998771617
902700822
905356878
903083815
936709796
932832526
943196766
950931879
901030944
974370592
930456989
930456813
916362467
916603377
908805805
995898587
940357201
998347083
948757578
933270216
994729191
902918289
993466586
908801951
995074022
905655058
939185626
712702327
974051989
901626129
913172406
973755006
942427979
995109015
914730479
904170490
951226080
972960306
915161814
941160241
942400713
772870003
933910915
885518936
972778245
886250954
991811617
908473571
770848286
952220547
949599992
886030183
993920145
772648577
952272616
973173238
974432506
990685804
995001617
903901690
995027400
933641167
919472435
931071054
884833151
916824249
900310646
932991552
936486077
917320481
913539705
888581478
991228619
909140653
991360487
944715714
943735605
935724328
939582928
937523190
995792121
881827784
933397964
881980215
930491310
941668483
913216648
993894838
945394155
916379456
942220961
941310839
948354995
905944463
901399743
884911510
886607879
993721180
990039112
885892291
940341947
939415667
885720001
919290467
970111297
937352692
917318680
959924447
904062030
908975202
956619000
911047555
934296700
999246923
973402225
934702076
991687827
955043576
992731088
992980891
941000564
905178071
957742408
935793599
992037484
990487274
902670690
977220542
931603059
999773053
886350769
908212355
912344165
992541066
914502392
935672690
901005262
994391960
908159196
944775524
881820084
993925984
944885566
943841218
908111683
914116553
912880711
882360296
903048683
914721967
943659626
931632350
911923300
934925999
936720010
998462997
994644313
916141616
938877884
947290891
938500047
911031593
946674917
919005638
907332936
880212088
911775777
915615155
900552235
933101845
914567784
912431983
909503529
902055825
907117538
943027656
888320091
501044818
945756656
902148872
946318299
937362976
905580555
976791404
973321196
940240803
999263035
977890656
991052844
900734889
941323039
994157842
882730388
932103309
903603681
908491105
935447047
905668188
956270724
919202253
941041872
886129100
979900407
970752492
919407347
911500205
907496866
996243980
976929806
888029191
932182378
950887530
977857270
943503454
974437578
914747997
911444338
919640888
973229696
992023323
901513360
972791563
919467014
975375185
919588613
992808440
905624438
903169040
991796661
900066200
912947969
932212212
889407575
948124743
905357279
886222014
911536472
906153404
907841440
905671003
930493313
903028549
945379100
990277495
887923393
932406700
933124108
991341584
917778295
979600778
903112004
904853868
944348509
941919448
995440570
914357228
907705856
907772263
940976292
913901703
943802058
996636526
970719404
977007708
931396259
996065115
974614535
905901119
907159668
915147363
931611162
976838201
996352950
997166999
907211570
908917959
996371676
991330778
950125200
997068913
991122008
992499144
902948890
990053950
938840353
931390059
901645949
932541410
951887164
908986623
908232295
911611694
903051882
500034950
991484820
948828356
914658486
916871614
914827779
951900333
943640140
974750407
934378423
938385592
999354799
935222284
908902401
902955169
908190423
904791774
991091625
970800489
501004240
932326605
903614018
917004811
937358990
944147804
770121095
912177675
908288865
770098219
991953937
938233718
770851920
991266570
889304707
911547309
938253228
947432721
903682858
991816860
995060854
994071230
995352873
949803633
941661420
919004816
912280201
997792799
907923292
934086108
934089700
933681208
952272001
913208864
915571304
995517472
991510406
906332655
886334322
908705003
900327371
918153454
900874500
936900509
997573750
979228063
945686070
914004858
947230047
911415501
882449080
932151376
998980084
916770157
950508091
942646504
885993096
905853711
906700672
996425579
938482784
945400910
945921198
993112677
939356568
934658705
991783891
908601148
991871533
662372756
907760846
931241786
885997800
996338991
992390086
915550126
996148611
917336001
958119209
914486002
770122504
931081986
994193790
331798879
991162886
933753889
931262455
905255945
935125751
990661107
883111858
930472813
951091312
914459528
903980788
938908709
944953957
941150658
612296263
888760884
910756312
998958909
934252275
945061589
941346772
990467524
881402015
936711011
973500157
945738434
914517294
931976722
901662045
905205770
975303051
975897471
996145727
916637005
952528987
334378495