970684242
930360388
937512572
881792986
976655552
905121694
956500174
935522020
904443949
938764555
944555428
880494902
905332970
942920241
997357866
942281103
902946505
901341836
941819890
916794156
916019115
940482158
950999108
913525434
995388708
914041871
992784043
935956964
978098205
936405517
941591552
915210557
995445210
935548218
936691416
904338265
904482720
937676361
996158570
931023450
933503391
953667424
930031928
906488452
972771871
912184665
884980388
978021089
941025584
990837916
975145090
990019097
973632179
979294460
501076290
944426321
934939023
991090646
904125540
934027868
886622279
993523136
935457915
933459404
905240555
977529268
972667181
945244115
970757690
938361775
944180212
996962472
888590185
934870588
881786870
990555599
945072246
973740034
907422470
912078327
911171719
551010714
901685393
615543566
942676468
904055408
941698009
913697929
992272579
993590978
914105250
911752107
908685016
935762295
995461206
938852800
999166584
901508083
992972433
901882858
996733386
935560115
946283538
942918161
996835299
995155230
917100974
938648608
692392076
973490280
975656465
932418840
972295997
919450981
932740004
500086814
982610207
881392008
936378847
977438662
975401724
912394020
931595718
880850486
970172328
990778822
951003989
977767757
772901985
933510179
910795151
903644380
972493160
976988829
916942262
945157975
903452727
777078446
949471830
935196882
934092976
935434288
904427442
972799388
983637575
500029844
971989801
943009302
912380507
932471583
912332907
914564715
942163133
911711915
957763808
942274989
991990192
948298500
906076356
882263507
772831819
972117685
908691255
938782142
914971813
907601274
973813004
905787706
916534877
959071180
940676805
950597107
938210558
755439518
991280688
905408624
910538378
938263101
907872587
974454834
940065406
911481358
931484477
884970084
906392122
914697927
553025232
950653337
931066424
931947711
933133788
999321809
933932939
908680301
939282187
507139791
996499318
912034718
950957679
994337181
957570586
337797007
970122482
919108315
931011121
902883186
911147388
933341158
938325800
993888017
937738875
911610469
932371831
979170230
992595532
993785222
991029480
991766519
912920140
935475584
997371700
933441303
886773020
912033557
335183799
946805088
902957864
995161304
990937043
993234830
996222467
953909185
952426260
886402919
951901572
978240666
995162386
932535616
950353130
948438787
957005750
771024340
903344042
902194635
951725785
990372491
994676653
933576100
937881775
931018385
994848395
770757074
933035202
770553707
952601064
957870877
947292737
939488408
950088920
990730862
940336508
995258427
975919856
990691176
934968667
950431972
902303122
944210256
995280030
913901934
938089253
993117583
881470041
942032560
991450645
940440124
939423217
990431390
932348467
946152928
973433868
903863496
900565311
942204646
995714191
997837509
770480558
996471951
976547881
912623565
916995853
916155862
912124961
916908294
901150943
933427325
919456866
931355584
938345979
991651594
912122797
914717470
914752404
900203585
932090462
977855079
911202648
977373162
976091163
946226194
990647387
939945494
934915886
900393036
936334304
919793498
930606894
900510092
997860795
507251078
997137231
946514009
938580306
946670887
993977172
933496809
906695493
933178402
987771773
977103428
994012811
918139218
949900108
908953908
979161886
912467570
333023355
974312434
911744667
952321976
932808017
935034654
934013004
907188678
941262236
911589405
948071487
949986110
946764446
917808857
997210278
935481064
905792601
919069890
979585157
908861950
957111520
911455700
934321163
774774790
971804157
949389791
940774445
991552187
934499677
931078840
915948521
914659561
946573999
932744333
990985390
933543891
997321523
997549191
902179645
901207923
997660399
933496963
946002024
993762465
913122274
991443785
998432232
912557519
936467255
997533004
915999526
948393083
942620072
948621606
935858305
976808272
940686841
991090770
991719095
991459778
995297304
505871516
998334423
992102888
948524402
772857775
970223343
930084001
951758002
976968313
973113858
913813381
932310604
950405335
712356780
905116263
976490977
998682837
930863183
911937482
946514995
917121442
991103186
957308881
772511216
990503433
902744400
990023804
996452495
200072078
993124742
946299529
883916063
959898481
906444651
915613931
933286667
976616167
953661903
901660457
949119399
931562486
950640187
996531314
901891863
997695454
991547288
916712823
934175996
938111626
919609640
931337151
935326848
990618329
991468893
972186474
999994471
934590774
991515716
993254502
943614560
951040759
972236024
932968233
940610561
980012041
958975756
770813181
937014222
990070625
908755706
931305725
948422288
945449289
993858377
946453848
941411212
907787537
906570690
900600493
936212171
956320636
932321109
904685155
902491185
907090679
976339085
902523697
615248721
919219535
946176411
931878075
939299606
742288384
971510021
979062808
970201585
930021635
935426925
997209920
919144838
905788389
915889108
916116564