912907727
936430278
901800497
952508890
884530606
981300706
944204383
901772209
910771554
943435982
939453171
912290640
905363975
935414075
941911779
939987210
978447175
912255805
936862090
992247801
999603702
905828004
903015876
916825554
993148184
901178611
944284133
996907977
916537616
913518838
946700803
995194941
939385777
955805060
951582575
905449690
955598484
932588489
903229368
948816212
939701161
994746906
941362848
943995902
935957884
930796655
939023232
996500803
998737377
943447557
932115821
919268377
915951985
911862820
950638384
998887735
932880592
905765006
939968530
905141819
904263508
973162552
955521880
949416767
933638663
909816272
500540784
931257385
910019442
937931487
903109126
937611118
935465005
909085622
907164001
882328802
904580788
916038186
997821389
996162699
948310906
881728586
944131365
919102050
991160990
939098585
970408626
909665358
885187787
916004122
933198582
916826300
970375665
941540520
937381730
915373288
992866998
997425231
559022126
883528855
904430294
911017112
941567714
883290901
934032678
994294782
915906131
946855000
979898910
901583777
917425140
902772157
942271582
555116894
903080696
551018632
992155400
933138579
916841635
507069203
995178684
900743204
883192000
770247597
934516484
904307900
910250281
942843383
940682989
948993222
947189196
905304187
902940511
917777569
916053034
885686668
997061026
905127978
889151483
910304696
951667887
943480822
662362139
902884319
900391952
915454499
902382595
933728481
934673362
908275085
933027074
979448191
947255054
932819444
912097040
910500340
936560835
991873155
915648088
942099935
918796971
945747067
993778849
994091910
992994596
994748387
911960825
902985747
933025425
911945797
901902373
935115210
934954111
935698090
932578782
770808025
946595052
939636658
998372278
883933371
908471093
997430403
933539475
945360242
505781980
947612706
911497454
911133025
905033056
939820788
905853402
930528265
946149565
907471248
904993484
979284443
881992007
976700339
919063767
712187001
990817552
905253590
907116101
903908026
997456426
905611843
905306085
914650413
947638288
996149686
930062644
939779669
934548911
977072482
902743043
997741819
998118496
994039282
886750033
916128818
770675556
991723590
994746619
912219810
903426052
977372105
998204368
931860591
918202815
945682321
906111964
712501444
939060967
932159268
937874752
934688892
998101776
905090332
995284252
722224369
990367581
940170452
941417880
999018664
932972026
947078704
554530212
912894438
902420480
994212860
910608522
946010029
908727097
901672575
911279634
707002345
902779029
903336766
712124715
901019453
990451816
908328677
971389394
947806869
998223511
951020390
997114886
919582389
333648808
946178207
909949840
913978446
935039727
623945174
943850068
694127304
939863434
919622891
997183007
908944785
916701413
935458512
906692450
975190999
692242141
942137651
944766581
910561479
916323644
907291493
937531561
997053592
997042972
981288434
975881564
884288152
558014821
946471700
900721992
973599291
935125331
949248608
935611619
941147969
951270887
932162250
998592394
934370328
947081066
995590186
623946073
901157017
997964488
937343355
909609219
999616941
994029409
994902207
948971690
995085095
948634110
993910772
945280660
993299819
951205851
932771758
914078059
916602229
907331830
943202479
992425451
909163227
931045363
973583088
930916177
904002492
916552485
994212012
931304548
886401848
936020402
915381102
995576672
696524325
881188205
996612315
908496599
958881786
952151207
993514880
974055452
908930436
950021445
992283877
937742332
772520297
500732494
993859386
959203444
946681003
994352604
905689674
931990217
931740520
947120331
902895623
995710913
889869694
935094510
557041444
903393204
990727407
999841957
931973095
940722564
937040734
931452887
696543710
937033767
915119806
936364743
990249383
999560569
995468810
915085256
911076270
993439284
996774437
902743767
992867787
944774758
914628992
900309595
912099897
995834455
330013232
902226950
917400806
915196687
552515385
941681889
903788180
911245361
917118411
990417678
770068996
934162599
945450084
915534137
914210859
942279616
939915788
948776654
946075844
901653235
985754043
949109911
913223925
999952582
902151940
770202353
992805108
881048687
932399130
908169497
994373234
912628009
915160188
994679604
935296507
950654748
885320388
939488148
996855369
917595925
931632533
914117626
930046313
911567701
888172778
912113016
919508709
977905463
930384547
702020498
953901804
900224969
904056292
972188587
950865452
692244379
992190579
902778833
902921758
937658608
933084819
945977073
916767262
909938558
933920724
931595301
722237828
943914141
991671381
997142211
972900018
941896466
910574105
905061160
992704006
883212109
959040815
900172626
951040278
994070031
997821975
934906393
950439197
914666462
901341296
909929215
941460896
915305282
940652682
771190190
942210213
913221691
941655229
998958549
903055785
938551308
996282044
652252423
913429890
973234337
933178885
979115949
973127507
977701740
941209160
997170000
913850069
946053124
910307048
907443840
916776153
911485991
932577104
940472447
976339402
948862180
912823947
908740012
994636500
900330282
931225988
915791664
945369215
501027975
978598626
916190914
500077684
972042900
902448211
936144852
908461442
919040148
957741402
909306116
973745758
973162936
993332439
913451446
939193662
936168448
997312535
932096900
622282342
916402021
991474939
943145409
914012123
883992051
976848180
888730086
918208321
974748848
933015306
939997940
919509147
915121883
941580152
904702110
911294278
919553433
915342876
938801463
941461913
883771484
908347353
938105559
911215054
907138191
973858891
913252207
943399197
996776402
622282534
946239190
940069400
990762848
916690613
992255859
991254083
944904246
912070963
932058688
934421091
993779308
911911322
905341044
881627577
997208404
996756611
900365747
931180683
913973014
979333379
975500792
907785522
991555309
917401225
990528495
931696638
903136180
946942487
900091450
913967461
770880876
913000022
998815896
957090306
903034009
910581483
949366019
958660101
882067580
915368706
916121707
886357444
943496665
993498591
881709390
930779777
911914601
888684847
917002015
906332141
915737471
913244694
952620825
959918285
975551660
884102028
992509677
979290684
907944890
976345819
994130157
500769594
948224749
993415753
977995648
994722753
970582130
936696331
903378683
990927015
993090854
946744958
991988618
905148723
990812762
914698515
996737449
908652141
994874742
933776535
904259561
919102577
912012972
934817985
993342249
938327707
917001880
912335916
999983007
937131265
933670648
998699294
915869906
909453799
743124641
943840887
888325440
917345562
916935808
997486507
979190345
995545660
907261377
911296213
977858991
934482818
914636067
933622198
916763988
934546105
934540357
934416996
949022304
941930963
902968894
994705777
999188487
946847575
903482112
938660622
996952455
958016767
888141617
917100756
945355459
907801620
887046161
916704771
917429019
977705600
944479306
915088680
991107359
994540155
559010169
887538764
975208707
931803668
971221683
885740401
918132593
973932179
930644040
883507755
932319185
933619096
990291496
911223831
882799492
942990694
772717081
906154545
940279687
883043545
931147985
936040054
910141670
999036057
974015505
946752050
945342010
991443636
887077614
883113330
942525286
998868502
931895933
936535653
934198121
991537257
979225009
934424231
906335231
908262101
937341873
914131570
916780614
696521697
912015854
973861987
975901720
939335255
910265354
904258809
903423674
943070049
950231665
990164278
930458584
954641144
885772733
995572012
901273639
933125464
958812081
906322241
976795100
948068281
911255383
931272393
915038217
940812262
976171219
908795157
958848490
903825757
932500856
974581577
976789704
934421687
916305568
913409461
914455156
915631945
932023525
933445798
904420489
901124240
915148824
938038870
888936191
942808825
947524868
934553306
939609297
910100746
904470159
910828026
883337072
903891214
941509232
937877120
932123202
936087992
770056515
912083450
910288685
990210807
505810572
903950480
904174248
972822806
990430203
990662467
932381503
944281445
998341443
990386887
972057736
990828809
915767188
935807200
951010501
971941194
942052611
946994406
909575996
999882460
942380570
931750679
907768007
931377404
945056890
994706859
916905800
978379880
991291672
889228023
943443080
939523600
930678131
939650819
912472426
911948991
936156444
915136386
916581669
911398503
908402184
908407140
932265254
905218190
958900017
990881082
906660635
930761351
937801719
994475456
902012314
998148408
974761954
938723581
945900574
934570488
905071386
931499970
908577715
943548454
943954636
992977277
919220148
940558719
913107772
662356426
974724584
945890928
932112057
997714133
992338845
995856390
944350455
919102281
931144556
915179112
937034653
931122961
990291057
500072949
939440213
939171277
907726177
990579107
881912010
937873484
993021281
933414727
905684202
975690655
942222300
942228588
912335588
912635658
915123098
911368678
915882264
918311088
990688829
916540461
996723345
973970706
933349474
996410871
932130109
912858644
981017374
907838462
932510086
991097768
934371961
940231947
952171778
934196210
933440985
943269391
911182238
932930760
993918153
918303401
949393710
916532030
777077311
930471788
934661655
939240681
934188384
975393934
944620173
974103068
931505605
999897759
932553075
931739575
934180282
903468987
912830228
931783179
932626059
932620880
982751222
991621290
901232971
917881122
880345511
955591213
970606076
882847475
941152500
982792221
992101970
903073688
881120061
941722773
993214155
941921277
983621848
977385999
551041805
933163466
916637581
909291332
999172517
936991727
947507047
933121686
904262687
905154730
980770906
943561756
995774366
947628300
913035191
994811796
712429824
941495707
938250950
990204084
992147663
944811715
937823130
908730148
941852410
993826939
944294344
958308182
902821378
908348065
902836569
943361267
943366169
943184648
941620592
904083107