933385366
916267454
915268756
942534655
692240969
935170717
930452312
883824595
955303646
905618071
977434215
336618912
940000086
901101833
971344882
919095588
997971322
933672523
507540390
997476627
931672357
932056615
902740793
991918827
933270761
904425424
881402070
996860741
916039050
905112909
886042121
947501978
993211630
972477782
996897518
908766113
942229217
936898587
904074370
949383367
934966262
914821655
992553579
936381314
947288793
976649700
950871387
938970592
912005197
935231096
973415447
930060556
906060974
941821057
931471280
905483202
939052181
932766075
913679750
946828304
948066939
930460608
950229914
998173274
907845150
999863838
887461035
911863936
938173183
908421081
919756915
915180464
652248093
916363949
997664445
884619288
919421019
934972789
943690324
906575797
991651109
991193403
901695301
904710196
944025356
908665463
957718810
919469343
912152139
932292021
992869031
881471728
912201495
907360611
947648878
882159699
990706057
993382640
979067505
995725678
910250548
932059583
916666534
930015690
908538685
998015811
933722007
930048051
945487027
996072900
934492208
970086461
931910888
903729998
946361518
931732007
906786177
912543577
946831080
976594474
500549023
936751502
932424449
772766176
994306900
901021690
914075352
939392084
991854141
993792077
912458720
942705162
915171380
507061101
886468707
914144219
951576564
901058688
933183884
911093864
972292327
993626653
914784221
945372059
932179887
935090644
913857838
914828864
994040689
916561907
900309950
907776121
911421624
935204936
906656444
937731533
970903944
978080298
910468889
937462767
882232210
919513194
938901957
958879899
943651207
974204540
997609071
917151573
975540662
976020166
931284989
916511684
555116317
935457434
888912470
551031054
945561964
911428454
903133916
931564208
913286689
912981187
934600413
936602160
992860389
933357175
932151956
999838833
935498434
882570606
934932805
888401682
888510210
881271099
930027046
916240410
907597778
884971737
936121639
913100099
889197717
505769091
937725801
991181578
944717207
973187799
958812309
919277570
905195480
905145068
959190317
946642168
939917095
995714534
938600152
972508161
915759275
993038747
940081613
957301056
997503383
931652794
930781478
934209959
910329091
902981140
999851266
977716071
938232321
972131301
933471254
770087121
931097210
903784110
901423045
950452509
993968290
972070355
981101025
976389444
911177989
995820376
995857202
935571912
946782691
945965263
912354695
901961946
909187365
990919454
942162649
938122040
942406051
944780199
941677850
910777300
974580996
712717449
884299294
990889863
946953433
995517472
977510565
909836688
911543628
997003606
997887393
911415581
907419525
931621786
995996827
902689088
902468311
972958558
936814081
951313115
908861950
931170232
939720280
950727305
908925678
997133432
992108610
933603538
997587299
992093808
909200441
889230904
903457966
904070599
971930083
901838723
990651728
950407669
910603086
943415376
500548964
770741734
946411352
919490585
907555159
941551067
976115577
979639659
919609085
937403236
935041239
914588898
990935044
943623149
902482808
910554665
948453700
973940045
994720705
995645471
993470036
999583222
947882362
958052225
916476410
916512050
977702286
971662188
888400409
996035154
932409390
912872886
975320527
916045534
991481776
937804180
990718033
972879091
907867442
881001285
911286761
912434236
770022425
975022586
942402854
997008680
916457317
990502093
912189185
932326605
931259083
942242855
950709100
932474387
939930084
931481013
937191058
931311251
979156228
911852565
942409216
931152492
942019274
916370773
942997607
991252809
934920762
938804487
933508292
990062818
905977362
945081544
938387686
940804792
934854554
936635655
944429663
935469181
905836549
906997901
914295595
931906094
978248707
912271795
936754391
930601229
773009600
992662357
934970913
935450582
907001661
913253343
885794547
990424713
959890901
883998900
938141615
913134383
885437009
919772515
917820630
913148057
946851485
990422989
931749287
975869406
911523365
946162613
501098374
908077262
950739876
950081965
944960883
932918387
909634441
943743740
978102188
933607388
949062004
903428990
938197703
507061213
912043402
944664556
941029794
991669195
994645456
906026158
916008440
910557225
913506587
903909202
770808107
975785685
977543307
505717784
994354000
994491420
919821092
991556353
993649334
951904701
949569691
907322113
993523136
914012518
941950022
931202686
932387603
997174633
934708582
916716265
943503538
999252878
933530593
934686099
742371287
939950992
958200298
911198103
997569591
935292885
939066080
976662115
998576847
914476015
936648881
958025711
973366531
907473626
936683660
933290874
998175750
905769868
955542787
946273160
997764476
908806625
941730168
938380750
935140510
944447478
912219887
938829009
941504695
990477265
881930802
902540135
950615457
995440570
915999526
918143163
946638911
770496526
939370156
975539291
905314509
992505181
916401982
941027033
911198776
997587181
996128390
912623945