973450350
910638595
918117373
939373754
994570934
997591630
990805266
958040086
914538946
948216886
999922122
910247878
935480181
971886444
978317576
972247020
990948478
950190619
900583130
883114006
885892847
886208578
991265195
932322462
937287974
994381302
918115216
885537731
945872485
998102287
941088681
951052199
903005919
994552613
881420901
936298607
998090244
770050981
993757639
941878500
974718171
949351986
907141705
990070938
944666315
905725235
949793234
944147787
902984613
973836940
939960644
975811137
908720238
998563802
991641190
977440384
914734973
936668401
972507683
902780412
935128728
942269112
883723232
990359027
930510888
931871237
944996141
900733307
934729296
992017899
903428850
972764555
979928074
976184510
931143396
995031876
906714107
948510030
905140995
941962083
943764161
994354282
912845734
996678489
950683336
975328001
777777589
940388391
973855607
919173969
881825250
883886384
990839109
916078617
914058286
901561340
946364545
944957991
908532835
919506679
500063607
934209491
983122194
935837283
940252454
950924422
956563355
883946676
903861747
992080532
913974680
991205759
973808366
975500072
995907761
943121455
904199373
910626490
881497755
992205419
889727281
951019120
933636567
901037313
915231423
910029442
939462126
904696525
996394541
979618090
958033087
931185983
996889908
910735797
998568390
995990810
901749947
991528133
994091543
915198658
944555835
948110012
912220780
902726319
901880575
931998979
997034643
932246361
916307808
910785282
919737432
943920527
972949727
943664428
936710487
941052296
977152824
951061883
919012706
912079858
907620193
903777442
911169938
941343644
933021786
942727989
904063761
915026140
975465149
990542592
993284939
913488186
996191032
910808996
336627707
906211040
918821690
943824800
940918993
930366964
947964042
933626616
883980057
976707828
946058333
995221152
910340485
951209444
906772040
881060909
662228671
911100301
889220180
947194995
990322369
909598677
551089192
917178010
943575617
932253089
938555993
950411916
900300725
931074450
990416170
936433998
913338591
934197717
981003535
946122360
905024615
947680787
952221394
991311526
901979092
907843234
916480141
901323203
906911828
943627572
905568982
977802033
995217616
934535146
902994340
992590922
993039703
954426212
906173122
934172784
900750582
994450187
919251508
991961250
930037144
950740660
947922884
915260883
932402263
934058237
909733176
931580789
994733324
972736343
942491095
712906813
903755400
934991769
940631485
996321877
998140966
883190541
932542430
904887414
990650444
936057121
951313015
945192076
978040431
996791053
945991387
882064244
915491178
950427424
998533081
932923830
953393734
973512969
915775556
945131814
990490665
991638414
973990371
999530570
942122284
904740094
935760111
999750689
943123515
942887003
907841831
882358582
901144484
904281019
941888286
932110385
931133304
948811553
978922401
992668581
909999726
994312890
991445389
948903434
937232503
885916622
938683363
992852015
908974241
881875533
932442816
996402460
976336575
883030799
930728753
943050898
557038480
993384185
943320162
946150774
985200555
935780687
999061390
935142823
979243858
910757790
932501126
974328684
945088896
935633095
883701951
999939208
996393634
946548405
901591889
551068718
991331052
979302454
907365636
900200041
919110788
999410850
943956390
902019407
993069562
933515985
935888784
500108939
935572760
975680651
770369793
972753704
915513316
901415455
905566151
919153857
941831179
905051381
933605859
712675305
662385417
902548484
904787242
936525072
884151431
914582289
770044570
906374285
945598615
931468212
938090087
930950643
977032420
993103089
885296903
918789392
935317509
915746318
949775751
935086999
916891159
949080260
976166646
901791776
933392680
908668737
992705219
904437119
902139435
946282922
919489275
995733005
908360302
931019963
992082698
932740880
919063430
918099960
990887082
907530850
937896969
913544054
906133815
908493589
972229707
952291951
505014808
936303934
990504898
907616875
932003037
949396717
732454473
943050071
978021618
916134878
885959691
979248720
948768262
932541218
882259701
882951516
973925000
950063631
907808335
993270195
997879377
941963900
905463461
993457808
935109828
914434101
947660725
995892302
991081216
885108814
932420254
976335022
938392810
935890212
931300461
916334830
990953610
901444452
937142185
880694442
972906583
933331329
916547662
931866605
901657517
910645877
945630755
904721414
911138370
906752283
938275212
916657079
919699097
970167671
973586088
973860591
996144146
970226872
971775725
917101282
936678953
996492545
939049764
905641566
992769527
996071200
914322893
930405497
990838301
882018887
936732490
990113553
910784977
910644828
930594417
912089801
945582121
997445957
974601272
882411949
915560609
953888836
916366986
949832843
772558001
901002021
905804121
935175771
956586909
990292342
990715040
908855984
887460025
902038283
914119453
770978182
908726550
930615908
919139922
918297331
935843833
947243764
889332789
905185434