992382990
901419195
919846798
902702489
942152012
912002381
978050846
907464848
998709287
943320848
946300366
993428642
880752406
915831053
911678528
934272016
917630983
910012980
975752755
900766258
907991238
953937003
949424247
934264449
755223730
990602628
915986905
943380801
975165235
934502991
933505867
979235373
934558568
939755521
996983393
946638791
979078858
887538585
932961860
940351689
994643144
880398689
935394010
950448252
915181891
954331222
915243631
994807049
992792687
914158536
931000034
956462928
973184407
919821292
889256264
979726400
943084512
902678487
958221919
997330887
995567241
503014696
505022712
951717481
712419929
900550951
981405070
970901757
505806407
988080450
908592985
948172704
931854171
950062985
974349100
905911505
884756162
934270587
991423959
908352860
905415806
974711177
934283105
938332284
940611763
992750560
990751259
948256064
996614248
913565754
933464967
915208982
889050450
939350877
981305775
936671958
914403204
908855892
997599922
908566225
937321762
911084545
974333255
970111972
952558387
951320765
934359568
941314008
971014182
998508906
977914363
937480423
900502014
335710381
905504434
995893545
972047109
918153672
971232303
942283282
919521411
933342411
975480928
942872388
936694010
908673797
942533322
955306880
979819106
911204241
902576307
974090812
902945978
910741475
900827214
916771239
951171214
996220319
944661605
977428981
977763083
906304977
907223625
905477140
935333510
997697730
947380309
712580739
951351589
906787003
559019419
901624990
936951114
993868980
907786484
934779024
932353087
904451160
995581656
901519216
915469097
936522652
973409454
935438289
931261635
884748287
943739102
930709288
932290926
952524121
939780329
907446447
901371990
905248218
990691214
931213688
996590491
930820104
979949410
949267936
943524323
936639283
975830861
771020195
950556707
919491951
939172592
888423868
903036260
931038284
977092887
979505751
900680121
950195720
976152815
913120878
916505459
943764505
930910072
932172612
993212251
998398129
915867361
938360343
994475356
909809787
502215886
918732803
942177603
995881257
973700262
994650018
886000321
908707778
904278647
939905573
905340458
991941084
944553833
933114424
999683639
915569484
976198992
908798578
887989404
908354149
993599084
908948575
885345575
976191219
903820312
912080279
931441631
934191131
907592276
918241964
975868506
945151918
904484833
997004476
916944484
914422686
919802991
881401210
882448487
904064130
993380145
908758575
935043703
500716970
941005020
883530390
888247674
932450185
917379721
943740327
933475605
942890335
947731950
918303214
991541589
932201563
951621416
910748570
931095846
942474148
914607018
935519060
883911281
902668300
900078199
940098433
883142212
912129591
946660579
917118712
882413444
951666462
940560585
970245511
937746441
908354110
932981079
938407705
946661721
972001987
938515444
990454388
936975074
904118656
959198187
883096639
884116676
902931464
993840479
935322792
912248607
911598805
991988761
939661487
950956160
999081392
906447411
951252097
940322287
919265451
933417764
959222655
909058030
887510383
934708115
901361066
946471257
943668772
903861212
932223089
930564608
933582348
942246270
957013312
996910563
889118491
907127232
934029212
932347154
889337129
976170304
942006423
930371445
975550047
917429166
983020244
990701917
940677003
990267831
912851455
933465173
915854090
953382797
994661033
930361157
992766972
916209363
772660486
943379298
933059605
939469388
942527112
917181992
889533492
931390276
945048938
993691493
957779209
917148792
901625770
916397980
884662112
992978800
999192174
911195245
998324134
930983670
706026133
976851200
934247111
972252542
881372767
932303309
934641864
994932040
975872408
979348689
712153280
934596995
934371614
993102640
975127353
889070502
935403156
993070636
973870983
932472901
914694407
993318989
997721583
973180967
933352078
909022276
916818697
908468768
905503949
904113282
904319094
907167882
979340696
883831951
906300969
933080009
955202599
945086916
906375404
911412807
934975131
947353575
943635783
917015777
905838993
950850683
992509161
931008796
883120898
908715447
993557472
883703731
902610928
947422121
996858556
977083392
930898595
505080724
990648628
951173066
933112419
932878388
914386960
930474294
973177626
998339972
944552442
931966104
932645727
938550484
906670612
973220529
904501216
905307897
915813135
937357351
942200279
903171298
946258101
943274111
905892457
913206354
946670516
933400970
994108307
558013445
945479319
888021685
999459795
943237203
933043813
882068922
934527150
973594677
918140219
995989626
978051379
942400552
882964243
712913146
948433038
949014500
932472751
931533094
939934488
997109182
936771677
944595851
936762048
957736569
992918684
976161953
933009597
990998085
915221959
991882982
972062018
974513084
933406920
881098887
884961956
975011590
993034213
912307332
979203732
993772801
946769059
937175979
886388330
975372613
998738050
909065595
938801983
931514355
947993433
903665019
500712105
902652110
941070243
934630039
941880344
944338781
958889272
900581302
931598910
995366016
997897090
947287190
931746766
941946447
948520210
903501625
938082014
902448985
975078484
973534488
916776202
952146707
919576770
883338484
941932060
916757667
914552855
991000720
911089769
973207455
770019796
909463103
991933415
936806450
937741867
934930588
997511555
910122183
979180074
916911519
995293087
997043876
904277289
882972112
933405859
911926110
916612119
936267741
992117227
992195805
902949382
931187280
935130056
886343007
973183814
993660833
979741419
914726929
330801290
995908582
937352408
979341550
975595996
79683564140
912261949
949561331
911758797
935533605
997714464
916076347
916809597
933112364
911475036
939303095
882300696
947622207
940598803
970207792
915927013
908510002
905112909
904777558
930790171
992246434
881742727
914227561
939833848
914011601
912353909
919049001
936820258
975569001
997450704
999182080
770250755
997158777
936589462
883805705
991027465
996068483
902244495
906721865
970380089
993322342
905835881
931473241
712583178
889300015
912845464
935141574
905198007
889005959
886367606
994154965
998605156
938745931
997929587
977991164
996509345
946353550
943547222
880723601
904911104
978130930
932890089
990604272
945356575
997442909
936388661
993512495
770833174
975032594
979288893
996620462
972330993
919065011
914228801
943641188
972401022
916846057
888461105
975320910
930738901
916879291
932281992
933753273
942520181
948616848
991471073
992132487
975863386
944468308
972333736
990940152
970125556
993102673
943239389
911505583
941140391
997898511
994880665
976482372
992923300
992657712
993707141
919250736
910160507
943198782
908713907
935049497
950623334
973881329
995921488
883050710
933081019
990023464
905970851
942031412
950059942
903666177
882438187
880336292
886331523
952118615
916691251
990096201
999858215
998831609
334001060
945444385
907540484
978959558
901667372
999530949
906092948
996753285
912372679
939133383
996667434
770501516
997589069
933560619
911565492
930791787
939721167
939727242
911110187
935708444
910648287
999726316
940723252
957552868
951828400
953778005
883001401
883272027
915230245
976153616
907873655
931400822
940153995
995390789
883903089
915171768
888090149
940050226
992669881
971152523
934548085
934218615
906576061
936366419
994551612
932013979
977524792
942849315
940934133
932561980
949122500
935842290
79067090360
971886663
949370811
558039538
915370417
916095442
940142025
942680583
974609868
770100510
934660158
942711225
903100048
992695893
990457702
501036039
933451578
950170079
916066820
992150470
912296431
940062922
930793070
944571879
931079691
937078809
933718807
886574445
902602571
992460731
900168560
948709550
930982489
919471911
939932779
936664714
931851166
994303886
977591026
930463608
888061061
946346494
940868644
912922788
931491141
973260209
946818292
904701966
991309795
932606614
932215538
937210878
916465136
938748989
885564554
947671780
934657949
918818870
940472829
956323271
906537474
906346575
998803110
944146280
901304587
990602932
941940563
997914979
937893757
949940658
937721396
913009321
919097995
912279005
906702006
919455412
977995709
944391001
931799963
993920828
958506367
951252007
947691059
999793777
919692766
901886365
919709497
915478283
976746268
882563836
914505654
939662890
931077067
911955257
983068887
998282170
934380936
662314173
995850140
931280963
901516662
888400409
915556903
950338407
906750767
970765855
979215855
979095115
991920294
930453715
901649603
908719194
990581314
972917978
979328404
943411606
996370585
916664877
910321960
979601354
940156780
995913778
901124255
503017884
932117022
930687846
919665031
932785377
914565580
997314171
918134051
954349888
999961687
889226724
942844677
915222457
993728525
905438117
916290445
500095803
919023544
972067174
996172017
932370764
908758409
990754011
973904992