950197109
997606173
911851727
937091912
955405750
558031696
932907755
994463740
944279066
906726914
934707073
976401642
911307019
941811697
996888207
916844797
976707607
972974141
976247772
943374900
915690973
990483834
934751082
970601913
992882010
996020008
950540175
901756121
938510586
930067281
904190662
916572353
930525565
973898486
880697985
971282100
939048688
916801446
950619088
503010930
931240392
994039222
904540705
930867081
911040750
915346512
903420683
914757223
772568807
975199040
950851512
993257448
973828023
902228931
942090214
913696067
975995540
999998625
934099353
957089296
958552211
972582878
946057530
913142512
993655390
930534022
623652086
974461020
904938313
910737654
919066768
933384106
948130173
994822482
559029192
904628777
935721772
933768007
976058969
998240783
972727586
977099778
905540787
943655553
999869502
933925323
918155476
947332108
994701990
914072856
937997656
931521163
937142555
934897487
906245022
916191033
901946286
905761922
934651215
990614601
973500770
884294707
917330365
915388144
889878710
913605574
904271827
882245585
938673330
933562113
931070869
906688524
919660750
915473594
919656487
991146318
994032577
995120760
932409091
932411565
885230190
912111414
996725547
919403180
900756764
904371919
992818226
905761174
662215801
946935184
943777787
999800578
945953155
919667912
975261207
935744828
881000892
903009688
906361206
943653222
975300609
941392069
889119348
911876001
914558675
909049524
936818056
994231265
935609893
909313823
912215833
911738414
655221021
994423338
930464779
990198149
953702403
931143970
931001460
999712587
880093545
907030564
992446049
937158891
883212012
505049486
931883934
770090554
944106830
906244477
912812672
995070125
882852369
931326236
951378272
908663882
974679494
902168797
947423888
995431580
915410141
906670862
930586128
908135344
980077213
998072687
906158860
914150065
916973220
903020409
996445990
971799906
932708379
905416698
949773023
975661595
933310637
976164272
551514376
907903121
943354713
938331300
907292989
935041680
905359371
900732276
995084202
991435957
995282214
913450135
880834050
951160214
889919165
915139244
943409289
975237678
910645194
910457112
971265026
995973071
910565118
946218179
912294937
990546907
996244461
938410181
883140687
905211039
992760491
905614472
882952202
919612044
908545259
905264325
911070280
932054667
906892994
992841155
999868584
939390379
903327701
995717682
911611701
939751937
974756699
888408985
914436123
943117802
958011140
886319090
975485100
905871748
993095306
933318480
914961737
930698922
940299199
904428394
913102125
930767532
994767453
915578140
991164160
911107570
994409792
958607535
883132922
997429676
933080858
933039172
902398003
996702929
937227600
933401395
915317506
888920055
996229204
938858777
990381861
942011188
940001505
998243310
972567075
979012164
932556870
948763929
995847960
911250775
919075577
916168060
916962530
932630285
902900782
914030066
505092120
886119694
917328987
994426045
992017002
949071381
948090509
918327273
942838162
933441217
949571232
946760584
907884475
914373938
907479881
995734825
997439905
977740616
911448484
941446525
911781008
992577068
904906623
993103157
912552741
931090038
942481508
993935119
940030442
990510385
902134898
910637670
905050676
949440971
915127323
991793006
934852027
889336348
997928887
908999196
906056808
996165679
917331512
994102258
992475352
973959922
933224333
914371380
904141913
999641460
937271116
916010045
940766544
909006909
949788001
942871178
938236062
949565636
974369686
919036675
915583339
902987747
996858689
906450202
905399572
993910527
977226681
972295455
912931313
970091288
905618061
903069904
934040964
771771939
917426620
915464062
973978319
886632232
941157156
985002080
905815363
975860213
977305854
991233311
505820715
881624022
970587747
908829720
919755507
916378392
905114857
916465054
902458389
939247353
887104200
942667409
905841409
944718589
994077139
933134622
995352229
911519803
947933525
913033959
900561883
971241805
933029931
955559052
915690919
946437145
909778776
919632506
936293161
500543181
951910861
932303242
990748304
945371047
902146130
934013333
956323009
904577768
995296586
900774867
505019749
911011319
883482578
933628510
973134274
974085476
914703630
887039727
942003633
940305686
997278639
953137743
933010831
909535568
995930514
913663530
975880753
941987717
976570607
931333989
995520967
907332565
912280498
999414777
909617107
882720111
941192628
975899626
904423651
901180697
930594798
906004587
915868550
912157173
930058410
880378895
974744319
906042544
997037172
940000895
946580971
940599107
911831996
981217750
503028486
951504401
991108476
953303036
906096445
971343088
993389086
909637333
990970885
944731336
990750760
936408222
939323888
973461182
940012366
997022266
997661572
939000021
930512822
973824767
945950877
712792222
880752245
939800702
914510714
931762886
770182811
992221086
905617601
993759405
904682011
990388890
946784167
996009916
883774333
933413711
974212662
934671546
994420212
905748497
996695090
931620905
993428614
933760911
993915603
935941133
932995850
998924504
976313174
944774432
908113585
900175501
940016529
914729498
935934354
889198108
946189818
915135661
942168333
935656032
997309050
902514214
941210115
933286068
906316516
999170689
949971138
943010514
770089587
949010612
919087738
932833488
919521233
950235652
948293484
999979009
941851548
938636360
995062388
934819245
972823456
998791016
939973232
975137787
957074792
902654877
978050045
930802882
939860000
996245658
946778848
998062517
913646473
904763032
978614848
770373633
943459420
990923288
914064580
981433939
991758389
933131930
934207515
979538322
994290911
996689966
914582242
973161950
900742483
943158058
970350522
997560246
933389333
948500045
947741595
885778797
901768060
908688232
935191826
912202221
939343526
941727275
995727578
938259966
941952205
902001873
904439301
916750606
930653530
916557508
901141877
930067189
937834937
944004316
941640986
885166909
977407072
997946810
904084753
902121450
999118688
909988023
970175566
993306733
931555045
885762322
975605107
916749112
931255636
906158358
990458519
904086779
959009806
931553022
914221515
937161433
930029081
935658883
998022651
912628656
912217579
979223622
912119970
999669128
889251031
912301305
915413441
913257265
932711719
991332176
970868682
913690995
938244677
912112818
993918168
913127838
992189202
934402565
940249050
991360031
992057577
941761070
997565085
999270084
919011178
900011193
934379829
936064801
903641607
931340837
888047077
906710241
880182557
946639494
995861767
941088824
951660293
998568454
941876364
946885225
883778868
909522326
888771055
934610458
996678797
950106820
888111899
944973226
946193942
913075957
931579104
995672023
932189100
933128383
914717184
915340966
912422527
934387058
975129220
974746000
907333888
942548811
911289384
883880489
915609119
999639316
942823655
930037802
950668999
939491214
997690775
997728482
997276627
998602605
886006023
990836131
930470593
977708141
947042223
973991988
905530135
939047888
995403440
935767771
992330165
939581591
933414088
909078668
951190409
905602225
931937903
942125686
982100099
942021609
995544159
902435617
953300913
977707576
886805151
991013172
505525547
911210972
911708489
993662066
906528048
958003863
913931905
944971414
973030904
997045100
930721656
940637212
907654005
950893555
974878707
946173601
932243738
933128393
948232484
975157235
916494205
908067161
935878807
999727021
939335303
975134199
943991994
906052299
901961987
905397275
942293940
940839589
914956167
947879785
979225505
902078789
994713876
943065667
990562138
933323125
934904635
909256486
976175274
900957174
939980268
903974760
995323274
917417004
976411213
889257796
998384097
915427543
906175081
946630013
883061989
973623346
777371109
993682478
932592456
662220606
945199050
946429593
999975976
917875882
933490720
914890714
993235757
974489500
900588633
886700272
970370604
996642077
949422227
941489137
997796957
905347674
912175856
995583390
997671486
935750135
997309167
991229084
939546467
996334209
612242900
999314747
972948600
900165616
939992870
975808007
939426668
881664848
990189933
910742258
973410982
942850200
987718824
882075955
886312702
908766770
990380505
770149201
944879464
992555807
998610269
888961969
937075132
998619244
942053075
995008827
953530702
999529515
990299082
909471746
992630608
947208064
943886943
906529957
902631652
991494777
911220501
939551985
993930491
905090188
951907441
939312191
940221080
971560236
912997715
905808196
915534752
881511135
911213032
994867897
881742121
919119093
992887675
934178655
977941076
918135528
946544321
934286605
902529726
914084575
995549855
934190703
997108535
914516538
993545885
907383231
996497990
990514452
933100387
901607785
905872435
937262591
905270577
976351715
946520706
934876445
903007136
906616105
949316602
979233859
902891287
991885850
947181781
935632526
941621109
712814446
913920304
914621456
998377321
900786979
935763670
931670466
994861075
993810167
907224501
972364548
912239406
910626390
994312908
902605797
911400675
612250305
948360061
910306469
995180427
935100879
995562036
919040395
612269101
916513265
997634486
913632874
990735759
902894083
933092081
977573604
999573344
991218245
907559706
972048792
946619921
901959983
933632299
930787709
990903096
934200379
972880785
931982005
911070409
934135787
979200482
907767725
909334569
994065437
916170672
904421570
915287388
946662751
931201852
930066148
972159791
994259157
990245913
932421989
970706141
995093482
903771885
937082688
901353380
953808587
972171152
944006873
900650585
913265459
934589282
994071164
977662484
933313787
934859088
905158421
972903088
948408103
905633625
914130117
908726791
906744181
915557554
994121257
712498800
972461860
884919097
953707091
975180359
904902549
500722465
996613986
930356975
937429479
901260887
949210567
911068492
888761613
942242492
992228483
919607262
976991289
905342669
904606242
997928148
909309298
901599129
982770025
770795500
983041800