931369108
912190774
939792912
952109494
948694402
946144122
933007407
936405660
997023066
932903262
978559660
993316019
935149141
944412202
936581262
959678580
904742763
933552317
994193188
933703464
908923938
945722709
941942360
977357672
996092951
976875739
933386105
941330902
997820996
932470051
907568793
914554722
931052286
910212723
973899561
951368686
910356072
918447517
881745455
945191020
500069880
997372000
951358381
939916410
951251030
990915487
908768761
994418591
977699878
908895048
885539600
883698288
888505039
930902093
973300672
972766426
954558557
996050620
913965291
945775752
991281117
900582262
917351549
916543876
945200931
916679779
935035167
999493914
999370036
941688141
941241685
932643959
888050929
913921964
937728668
902241993
901220465
918910914
901645242
931926608
916363949
950452522
956691078
949449948
942048778
904016126
940597177
911542115
904148084
942746486
993964064
952301968
942535760
936252402
943018614
908511716
901020542
884119097
939865957
772552272
911201433
914279192
908338454
904777274
939948037
913291838
932651945
905634145
912998919
943321170
906273580
906721848
933400758
919113079
973735057
908581356
933132925
505730412
979292659
914941943
992981110
900821558
943009115
916116693
934212173
901358188
933480323
931966220
913492930
500544556
930690684
990710069
906408777
934639277
932335507
937390076
941486763
905307285
904886537
948891027
902498775
906025533
993098779
724322424
908986671
990539575
972856525
938451279
906420010
939067375
948449760
883055151
930084790
975358941
970306645
931444407
978455075
906620994
919260033
941785787
555010799
994316117
977041109
940750966
996409434
904001185
999639561
973394878
902771654
883005697
997233686
930445828
946416903
950032816
941871505
997047221
971130422
994641562
901521018
996795281
935294274
907838483
904652725
940450200
914341014
908926335
915577310
904114345
904200547
330641236
933259455
999573287
913520530
903440122
763351732
971997961
908380131
932281412
996501284
990633057
905069595
976370320
940557701
952230116
999188110
990274741
886490809
911512899
996554885
947221315
940485003
939048691
902380395
905393251
976738690
945310460
972457976
935367280
990577475
975303130
949440047
909641944
941441131
998750785
905158625
884267696
936515266
911294911
941088391
997398767
990347307
995247727
772785277
938964401
950334318
992222813
951561957
939554563
958850793
887662466
937660109
997428190
979254537
883850930
935271108
914484723
997778345
996727291
932870827
908754556
998968365
931277478
880369616
505052201
912937181
908525585
918135615
943340461
950377735
997228464
902330612
900475548
942930206
942941051
936722083
930830145
919257286
950907858
623778664
972513039
994930085
958996323
938523433
997433737
932207076
953440107
934338717
936659655
901410692
973023948
997029103
970178792
908794887
941919979
909910516
914080807
945052424
944046233
970173191
881556667
907068979
915043482
942884793
950640040
887936699
503029515
911394959
947878755
914901287
950270047
904542789
993744552
973833391
938313883
970867772
919898587
935339917
937565351
936041281
948020885
932968529
881804008
932350218
905813423
938242129
909212342
955779803
915281512
909395215
916397948
912341299
970927671
900194058
905857865
972609086
932811420
998459034
950719555
938656707
900564483
942080949
939821676
933108664
994247379
915606373
915004002
940418108
997123636
934618388
973066127
934348845
907803558
907747868
999698782
935949221
917345054
992217071
937378097
937815557
995760939
946881133
889537414
908390485
934905604
901301207
939258846
996666540
907233595
978881331
940198775
915300636
900701999
997251983
909058482
975990535
930496449
943581686
936641966
974520008
990092284
910341013
950767480
937548266
996233204
978731985
915869693
990428632
994227873
996360366
905349074
935116169
936228079
995593988
916477801
330200202
916339836
907783690
990071540
770720761
944542487
996243624
903649398
978062260
992333774
945270705
934631191
912203640
944448000
942461147
936066419
977019776
919036300
999010862
930858273
932021492
910822359
992151720
998674613
913177279
978463101
905588565
937154058
941987447
998808615
907168578
976056838
942252855
712350151
945261881
938750129
902449810
889070127
931792490
995050358
912152468
912939620
978098680
956725510
932380313
887917776
994224027
902090829
993529479
932068066
979950528
939048895
930906030
997352444
941234408
883401971
946735092
993971714
913856147
902292520
994794109
977718486
935977130
950761403
937906898
888500383
912253633
917889044
978762109
990158881
931762272
905359910
990292107
945995799
981412520
930923583
940361674
903074291
949020221
977525422
935661598
916384704
990946904
330023441
887439097
883862519
977439693
915556564
976020501
970451030
942360201
907425762
932922258
937130926
932528033
947983877
955553581
979321811
906367171
947761504
945832305
931525619
914517983
949744772
888580182
956280809
956730676
915455292
903279038
993810755
997238888
998408940
977528186
994068382
933977726
975320199
951045854
992556424
931004221
554030949
934751800
900947424
979332882
904176484
943690570
974831566
692250708
914562728
901634749
906260706
919530017
501031672
941522181
905091098
973997686
991044676
991255309
934541183
910716696
947601987
994090997
933558833
973470203
906900740
935477050
910406061
973189963
918296729
973903203
941004631
889281878
976352444
945450568
946574782
944563093
932418986
901647213
902668932
903060989
940005384
995130774
911920215
936561307
934458792
914031973
935203336
994648286
883505775
955451441
994424813
930862315
970760625
943322854
335234893
973740882
948277509
903221941
932908629
774005711
505521808
978019006
770487679
906921902
906172316
938165606
950564547
915609737
941111192
931087080
934500560
991708731
947862050
934430754
336301230
905335764
948078424
949487607
905829486
911757809
936962057
906405818
979699399
933255704
919506832
902776831
900601408
990167090
944358586
951598994
975050488
993323464
934680360
994512724
902203937
934925760
905152262
948646202
999408176
919007930
937514208
919474527
942800949
885648283
942658822
501096676
915820580
991886645
979970370
916661373
888283198
975483505
881250160
947348984
994610284
977973406
500065556
994080206
886577274
907807375
916711130
900751605
901508077
979738191
974838687
932737986
932200558
913732575
882288116
913984919
909141883
959894868
950635502
772553171
950302405
992515859
998870284
888657080
959099085
975515079
936604774
907792350
886325515
995704287
907214021
955577307
930735894
917138812
971142363
995625581
933701485
996051376
941449939
883911963
931434304
904435548
999883000
930815363
903790686
941208893
976192150
915301303
917386405
880250166
908108052
994700409
930008904
915743305
910107780
944204246
945816063
908630002
505038612
995488803
934081150
938807719
919691644
932922400
970208300
972031300
997122197
557044727
940328812
905132016
941517484
919656640
905461225
900418107
991959721
990561102
979112689
934541466
996359464
973131858
947710906
913413313
331251075
994453390
652255058
933586851
947507795
948960290
881428286
978036662
940488185
941980064
931030252
770855250
919567520
973012415
883132728
950144063
938485969
935894636
940517507
977805856
332070802
886111283
976737113
931615308
951213525
972743027
976924244
944452864
880172191
991964695
888700787
993946492
994715035
972241677
918122289
908201325
942207022
888336973
887094414
903338571
902722304
908620226
900738363
912357093
943601782
903237671
901647785
945228102
881011104
987785555
950517155
883113543
991670005
909174593
992280343
909466728
998029028
945362058
939376102
972944290
971234727
996556573
994924981
884682606
935429908
930984424
919022696
907089692
947241429
948520012
912055307
910252361
978074742
993592306
941413093
939750124
958202179
933209411
997371883
937517626
939358228
990964171
993710273
940541317
901206167
996308800
930811270
994487979
918755802
905081645
934141389
881060085
950571994
936437362
936043366
991528895
942770873
977767780
338600484
990425157
880217172
990964035
995114705
950027201
919777750
949920945
557034581
932385868
932995772
999905579
977954743
883269608
973975533
933406801
998547718
947087525
906151812
885148606
946848560
915793606
907215525
945676695
915228488
996901458
938867887
762244360
905990273
993862812
707235218
885780815
904130475
908752732
930363688
917371455
936501014
943970587
936671985
991276828
905181293
946621486
946670988
999290418
935188528
990756119
939317719
934212507
947277179
883962528
914432771
919573588
940307112
902611969
917344401
996788125
976666476
948507619
505721722
770902587
554513036
930960180
914415678
978490919
934470615
990541689
930493000
936756163
952552865
945132888
939112233
992615915
916006645
908633375
912652995
991207930
911141737
933270040
934408430
912834490
946068969
905126517
956263126
934250528
911082198
932907557
947377436
905649377
906459445
934376913
934990861
904543354
944731990
970942090
994505171
917776723
930732721
936755564
995476956
913475949
999703073
915109389
944268807
912248406
770117271
905763744
932678508
957070987
881169404
881523595
948337803
943576085
995484974
997632588
934130903
941994448
946890309
502211250
900755053
915228084
971001429
994205838
991221887
975444391
971916111
932391466
948071304
995966689
905328183
944138410
942581378
919110677
906362337
933188618
931308903
507055666
930576210
975800175
998618992
997082010
935951613
911459001
907687170
913173250
912244321
993854882
974218222
948110357
973862666
943210425
996691249
908762421
947216688
712789982
914045616
938457848
911906263
938108058
935410862
941458211
973860083
904060666
934384277
908204191
901811971
915878982
931926108
998412502
934469293
939701939
912464696
973400846
983113731
930839211
998591261
908742353
935129499
990659392
970467546
915888601
991354793
972873171
979523983
770620151
910181989
886200048
916900519
888901191
979180193
915581821
882318120
974562670
987773782
918157585
978389505
993732206
906276768
886314989
889768777
996296329
915810677
932680485
888686807