995878590
505090181
930385700
916693725
974153243
991690344
932252730
990128141
914703093
938930293
949987706
996692742
946200726
991038593
931503747
990218895
978481778
908688516
901614088
947667870
950630073
936024482
940613076
911700158
975925544
930797382
915327574
880935556
883579598
991386186
945055081
913512674
915100260
990856946
934509408
939850161
917336724
933131598
950054507
915124492
973223529
934090511
943250784
933074288
902690208
995308626
949706986
919803730
943861232
998016560
944051304
939726410
936353116
950653440
915234252
948436763
505062360
938928792
993922744
886499394
951492921
991514151
937946426
942193601
979205090
993696378
933783438
500081185
933062416
919254996
904743001
933743711
939783088
979232077
943501583
939485981
906105453
944968919
995412909
907772880
951559707
905302988
755324862
939361773
915217858
933025085
934111353
930364588
997867961
997469012
946977322
997712909
909128212
881353101
932098894
949338600
915131386
995663590
772529227
993345488
916791389
947870238
972127630
973889021
939141411
908469226
916476310
997060967
930986057
907114889
998733874
939919561
903902660
774040591
932800961
994004505
932358416
945083011
939960044
995617266
886480204
889341109
979509596
937241017
936560383
938358680
991316731
945861090
996422458
930568355
903041236
911060162
940052261
950610267
901266000
993169187
904080154
990637786
996666200
916366891
997120774
950141690
938510510
946068657
952265463
991329884
939021454
947977786
979522121
505022332
882002704
554036484
936268702
623994459
9,98941E+11
919490585
993328079
917425971
902066866
943545577
886578997
990720386
913591514
941343400
914358768
945480315
947749194
910339375
909128513
930380005
977066608
935910228
912702766
916573441
973638101
939850309
905385935
906744485
997929155
975759405
997686567
882858307
946339295
905053633
941184656
913444600
930428984
939052440
994371388
500012609
999640178
991664214
972921113
996712118
917332505
995426185
999836267
972241292
936631107
945309978
991043059
883471950
930926766
940539922
997357271
998026877
937662992
953909807
959090074
945726647
975386686
945163343
931197403
935151011
881439388
978030325
931241035
914080887
954334797
931782087
973501710
933657395
940450051
919137597
936205165
935827981
919081188
930737351
998214412
914820285
979592121
996505653
996672986
503027009
997500873
953937783
990114083
914765855
911243800
971972112
999288287
943092122
948750478
500045185
945318684
901355101
932638489
935543772
993951368
970510777
934797682
887362323
916913055
919711401
996139321
942696403
933704507
949308737
972916009
994447753
990157712
931679920
902300724
990413814
937898006
951905959
932364555
993734151
911423630
937711380
900291415
990677156
908646121
910402568
933766106
930813714
912580640
770584515
941010075
911447245
914833161
885866186
995568063
975287494
905250002
915881428
941720785
914108355
505523838
889121716
991785949
931441364
950825098
908079977
912235583
936886059
947942279
500789196
887903812
935850856
914033084
938582560
936257065
959777468
901785559
994018506
903330938
919027050
907448881
910082950
904143469
996560777
945150550
990500670
915519940
936900756
992160347
883797955
930828821
945605242
933474862
999579657
945780040
911080371
999116175
994491959
951091023
937971272
950856702
976762020
995270638
979964546
770680825
908464015
934207814
979927730
905400262
977911355
712532488
956362882
992700562
937391589
947070102
909533469
978830391
995881939
887068083
958974488
946748389
997890576
903870337
888591166
934996601
945547784
973830462
935601209
501025049
972577772
881517181
933280158
914781941
914560594
947610332
930481105
888707455
948116887
998651566
886063121
933388486
944822826
908481827
901005220
977997763
991385718
990787891
983638200
978451952
940092361
911114224
914472058
909793799
941610481
946927111
931534945
993607601
907351472
880698992
919120282
995599084
943321052
906161368
936304402
916156110
974504727
990556485
942389888
907224348
973880747
946684599
912429950
933119397
901402234
992233827
888511962
934765688
995983107
933400298
994098212
908144115
942472700
505706462
957944773
950819313
948206591
911866660
950149866
883800889
956433303
930467078
990376445
901657624
930423396
953131780
905331197
933978001
930519509
912372627
934493102
918328411
933293073
900760028
903550078
911981703
993261697
955251686
904666892
774008988
943590388
943415711
999011271
994073292
935579960
916506747
881529193
919262030
941576740
991130061
972299995
995171681
914990350
975589091
982772015
907488366
947530883
943109939
971779191
946722495
940568209
943099692
905401292
944255866
995630658
914187173
918144882
991957980
991935020
944851964
906759588
978941518
906723896
938367077
976378383
995724820
909755129
905394000
935178642
932421204
886099600
959370775
919585940
915667809
932211842
885080065
957715525
906234679
885920708
934301385
946832223
978787269
901112938
500077268
904530313
936840330
915571710
997061180
953322054
918258395
909732419
994017500
932168712
993777599
998606140
931376900
938994515
916596140
942177505
977014679
888320802
900136939
903674242
913857616
978423434
914843210
933188084
886336570
937236106
991981502
913297531
978960863
935704148
946295880
903048427
933028720
976333800
909249560
945118011
903367155
914282455
947641016
908408319
933791888
997231970
934161794
943659848
902689551
951393616
935740609
911723430
995887484
975708000
911288575
936718117
944770657
945888686
997730872
945230163
994083943
903908256
990437774
999744409
888059414
991452355
938484549
935488390
947690590
994084335
942495136
912368087
938544775
934441163
919106055
904225224
990549332
889339104
997153855
937943337
973870063
975707809
998478792
915660882
908331950
919512418
999477754
901270151
972150476
945521270
990667121
902446641
934349319
946398772
975200960
944700976
912146600
930513732
916531953
974341069
993718530
992345691
970391561
995080607
889811500
901046860
886568801
971361709
997068914
930878700
770170426
942676726
951210810
777772370
972137724
937903718
943882351
942088284
910139497
905141767
970222120
942082911
883840174
918740424
988885666
883080095
935988022
913550118
974615300
973644456
903165896
777000008
900840001
999610361
935116516
915611063
930706464
945706913
944600228
997708534
932923101
991819010
918211986
507132112
941083015
995568505
907167188
933299045
939302677
908948959
943087274
940254194
940852222
946801260
903121246
911313738
905999202
939321060
948370222
947515445
991650360
975508532
937752033
888919086
913630420
913226418
997415734
938818625
915506469
950555859
903080291
905114727
936999951
992981317
996062689
990594297
914471961
940758375
942957619
950492421
933441544
933358866
934305602
919112277
914792005
903236606
950940419
906076042
991696768
941662883
995138400
951490908
909591991
944134579
946910610
886311193
930351578
934192059
940539398
901447611
908081336
934960195
941990617
941471177
882187575
990127257
945479996
942501091
997278636
942532007
997329002
903127560
937559302
919637000
937233735
942835133
978557477
946953010
973006625
909077975
949076618
943450307
941451067
902142636
904442621
991309202
936804386
992528191
955405546
945596556
906528030
953773772
940530509
911127636
952773008
933856463
997106359
959874858
981210104
957050464
930862909
505536319
999873433
952423885
972267426
953438141
905521731
938430603
908184874
943921188
941736691
935339207
505743535
938058388
917190133
990434585
936362220
914184849
883102050
948941803
913455954
947604002
996607578
930646574
906040484
500756163
936571857
906283252
994616393
934785551
909832304
943381090
752217072
915028058
992665725
978842972
886611003
909076856
996387376
912361123
932415335
958072577
940165252
981423888
997180612
970717623
917765426
882006360
934514851
949911044
973133209
914481417
915241467
991600079
930492832
976260118
883081973
770454562
949965525
937668084
556014656
905405951
904110686
884082522
939033037
944610131
941888589
906451210
907454585
908716600
906090796
978862586
999391718
900994616
887112388
79116373974
931142360
881310391
958601221
931690323
905063593
987742060
990897280
907573938
919060488
912629096
944614947
931402065
906671140
995640094
978914566
900020090
941589946
940070381
931331772
937484822
970012365
913291143
932605277
910222016
918153276
999491677
991800582
942284060
919714014
947039305
886333545
908682092
931786879
902296070
977015283
998071989
913299121
662219938
959391484
992626760
903636595
903998326
955523588
996081691
770989846
911170742
914773215
933022544
885328075
933196661
945355275
936678189
973205033
908098172
906769555
911443100
973715337
959530111
912170852
997042634
911731499
505530986
941826967
883108464
772611062
910748678
500036555
930515759
992915624
905091815
919782990
919686897
953901168
999685897
916367189
916822299
973194800
952111699
905886041
938418545
919704105
919402106
944208884
978251968
946264484
770646409
975758993
904260542
933588856
998852075
949956282
931699396
712909291
992958210
944073801
976949086
943040085
903431319
990908223
916121513
884885454
979097177
934894642
991251715
978087604
901100963
913200756
907592937
990997890
696521496
952779996
885051020
942330875
942548883
930511441
912035840
940494506
945199893
943020560
915898257
912410033
949952560
996666274
999799550
947800348
999448468
991700033
905679073
505821525
937453094
991076152
944221585
973451002
881134318
990638222
933698565
994350661
978418988
953105701
912120551
917774713
907203714
977698500
994491055
994131887
886750959
993787608
889090512
712487498
995204559
956574041
930367373
917771477
889250882
901435005
990461416
906682142
934453175
914230353
907858577
906987207
943370745
915399081
941839012
908780933
902566579
902314663
931668995
904939545
944910489
900167786
937719772
916023640
558101179
975309230
995946103
935192990
902013255
973112302
973339081
990574214
947223938
991033751
905861981
936953955
906308421
995091789
902114933
903711671
907932260
939683447
981212015
906676171
910408066
907990085
997211209
907721790
976308987