914283839
945032469
935210805
997359009
918136219
938514262
770320303
993544822
886847277
944549288
907481672
944138757
995702570
942413375
931920856
915127007
933640841
915607904
946250955
906004633
901325252
911132715
933238878
906702013
911450034
931035656
937360552
712186292
973111571
956261810
917807049
886176989
935711462
953431951
902266826
905931880
935918995
943576607
905557769
915623539
933398907
995790955
999409158
902893277
908951186
972528569
887157010
919473808
938121953
932981082
931181496
992880067
993503817
993668683
905089364
997077522
915372422
914721891
991921832
999081946
900004041
943235355
935347474
930536119
993475858
885196737
976738991
902080025
970728919
997103269
911059598
883018232
932069090
978570034
916974405
937401889
949163575
942928017
941811870
971930804
903750493
996212602
950303277
884940911
995823266
916370930
901805444
970600710
935803002
950520891
973118754
770302484
973232604
957171031
990809161
994722781
931740109
933671981
973275089
905466061
949011492
903104660
901137312
777099190
916889880
889351114
934355343
948417474
977583833
915794462
912623601
911162154
505737504
902767392
934771015
975568083
999477733
976083004
905153700
939001444
938540660
979173561
993485544
997708219
935190864
936605264
990558208
915173182
944781212
905525087
906417131
997617195
931688100
942333456
944534232
979519079
993073660
933620343
905339533
941559896
973656417
946690056
939167990
983009787
916608157
996887687
901617983
982000335
997585758
946217296
992213835
943082165
942735225
908804346
934122702
951879099
906745565
912220219
993459476
959898084
911400574
916528634
947090636
907156750
907511036
905129522
883652777
919231220
983680004
900432883
941046105
914425526
971847080
905667315
905693059
943728634
933141013
997064471
904611518
915570271
914588080
908934330
915225077
912602295
948992422
958601292
975570012
334060055
939638084
913532307
908100117
883822287
990278104
934032582
903757647
993311315
971998792
977770260
916390664
909180458
918135737
971140092
931252083
979685775
979330201
950533002
916187031
991028424
934397373
911281382
907457876
503017075
937053774
913986414
946989615
909756087
936628827
998392566
918139028
995549363
885106689
934250454
916040786
939931608
912341822
908774428
936253536
907331673
945770357
940788098
919598720
914119793
772612497
995140790
918820087
911594390
934732381
943392684
770630217
942732493
906019557
931773032
770887785
948646062
911060449
908788250
884598917
935171454
939062670
995926037
942071879
944090569
912828677
914608864
905624292
992844487
990582482
908900841
555061136
973378587
918148461
997586318
947226613
947274464
881798485
935150172
937617737
935742822
930063085
991924683
937825854
911288009
907803693
902921487
919681882
907424149
948351312
931290486
914062116
933018621
904387868
907401087
932054152
977105052
934289994
994621542
930911789
992499333
908478700
972380260
908963482
945708800
912688483
946429480
991681966
947071190
913974707
905488318
944515255
978081108
908692197
995478911
903656750
901642311
997792378
930865526
934623033
934262673
952112380
939700750
948169990
972110230
943555869
936977050
934038525
944207252
991615094
933716222
908829665
996473086
939693105
882731514
938212628
930940219
949357789
936130682
915616535
947321577
903065828
919119096
906776402
882336691
501087414
932991999
994411495
975300452
977188387
931548809
932410135
908981515
939962001
949378791
915420387
908986227
936372690
949399641
940288994
990593295
994554544
937608825
930565230
938300091
949378793
976476264
936360267
903867818
990441391
934532636
930990719
902280285
991868059
930738319
991164064
990138999
911591338
885170989
911571647
950869230
915202363
978756882
902227909
905312003
904754513
999638180
770914477
958280155
935896468
712123500
997422494
932793130
940145508
915161242
901791970
995031252
940310373
901976717
906073191
933659515
930620041
907358189
999738131
990449886
911507503
992738892
978111600
936615452
998898084
936152092
919082995
936400310
991196065
976280252
940752474
915390431
951661777
770359193
979755758
999510566
943601286
907464380
902909979
999611044
940541470
972520551
884260105
979953585
912423950
919817250
900809172
904056675
908726073
919240056
901492607
905772789
990144769
932091585
993368054
934437904
903775373
932350554
943288956
947225227
991480592
904740564
915767276
975539291
712518070
904460710
991553514
770830747
940112161
935768511
916446948
992717382
930799002
916385014
914732991
915655629
913655543
908932190
334456545
912286250
712404965
948280978
906702343
993605414
909094746
943571258
919781949
937199487
976328583
909587820
913191418
930467401
934734224
978007796
937240302
958881563
934359008
915604280
935623090
919418565
909911788
934348324
999366218
916691522
933805552
934500226
908472157
930834006
938365544
883888581
915358087
991320720
883136067
937603686
949721677
991649195
998498003
937512196
977140292
950718612
992255320
932318448
934448421
904470167
712172304
934432906
900265520
555144120
881978800
903141061
948012474
949320896
912683292
971277675
915571984
945144005
906118119
931600037
942083431
916330118
974640980
914222817
930817600
947247114
972719000
934879966
932004348
906152790
888050441
940901317
919696980
973582786
957742011
991705053
975210063
915223637
937056970
939868984
914405953
949421169
954554393
977757983
997126484
944780956
957020324
951670967
935312509
983644107
911470613
936288414
995067009
991550359
975135805
916111920
904014347
916930072
998513844
939833446
932342066
931765722
934962625
901440779
938922524
973806688
944366016
946616224
979104920
948615787
902206167
938163007
904416115
881898784
940550558
946471059
905302585
937808789
905365573
999999839
912361768
903776789
972976366
973055099
915020248
913667866
957938886
931008569
908873809
978540606
882876661
997734667
994121905
934591365
972225651
950106462
953206002
934902723
991902186
915958855
904192013
996215868
912425750
913251415
996310406
908927788
942998019
931994121
934290800
905304344
907491120
977584816
932208487
905110337
931253282
943384880
906232112
999409896
992915852
947028050
937111557
946630446
939068824
911068241
910840616
937265594
911252180
904685351
941490299
935725971
501077784
904091019
973376065
995528642
913105745
904196883
882201811
946620979
904196881
990221529
883136655
902861557
942739098
940002981
941035344
903861088
940846661
991642700
883521181
978960654
930787806
994156839
976859977
990802988
915780392
991699676
900041721
973108082
994090580
938428333
997639968
913695451
883564344
991058381
937206464
935730188
932964530
992786818
903885481
906662890
930874305
903635669
888380102
914999727
906266292
883235242
933238504
996191512
942336383
880081504
992648611
943031662
919600084
945969579
952626256
901519616
991763876
946755516
940561144
934745447
200075957
911550930
951806055
998670972
505021456
934586561
905942527
902203901
900338923
974561262
972927333
990193890
905561488
505716696
900940013
915552553
940276929
904422686
917152615
978061666
970104436
970919559
910085662
932873806
990324801
996153494
996193088
935471089
900011463
942736792
977115077
946010763
990830984
978938689
906189857
902942260
947719295
942510728
950175677
911656861
973220285
998133689
930793428
992173182
943885444
975455815
997703902
944141806
941501256
902888721
911562858
993188606
919698490
916705305
933670525
998564645
976370241
914684565
930678815
938842512
938968981
905644764
932991605
998237385
956590155
995909676
902036333
937242208
910504509
500553185
905094492
912096062
912371213
707224071
942985158
945231718
916355534
881911056
996218896
916988015
932735260
554013760
945713483
955591813
882651985
938742057
992151725
930863386
558018969
947888636
910641619
958559912
912111682
996635477
909947634
938451897
912198610
936140551
958811092
955036032
991145719
919009928
977763747
905377036
936203040
997387380
941999941
662351648
883859487
930866488
948628900
935185705
994071670
939016101
931383309
882723132
905100980
930070502
978988333
906808283
505028772
999442398
912126986
944289720
888758001
882545010
949443158
931868815
950784441
999621625
913968295
941601027
945680102
902730281
903095208
939308757
934401073
944550587
882236264
914075903
901340169
997783668
990836315
991451307
932335201
937094610
911572233
990890360
990191799
975652696
712989829
992329370
951179089
994139795
995030680
886116163
770522494
935174005
900641128
946321373
941093511
908201580
933427800
902489757
979151037
882156333
908662545
915936562
934243095
906130884
501085728
901422758
909366104
936902983
948077404
931018594
907878505
944468490
944959486
505096207
996538590
931332508
907979130
906059226
888583787
944322460
915177879
904055143
943920391
934332238
954552996
906116621
977257672
916132825
936341613
948034959
992189130
950198328
946039922
970182127
974908381
993891112
994004356
911430105
997921980
939415000
934945212
945312886
914699984
991872771
940299677
915588925
975613313
991507656
902805717
975953835
907535153
905092086
883918118
905874032
950757061
762217725
995485591
950333075
945402011
948228500
903441033
997127072
919542530
712538086
995087362
931160556
995848139
979310952
906282141
930788082
936480447
888958292
935123533
970422077
553517019
997228510
888910564
908608430
996261006
936423905
951480612
979155465
994078073
945622291
880727025
938644999
957022081
500035411
948901360
991201892
915029077
902696590
944342668
993956383
998162311
997502107
770386060
995697907
931855857
933557936
996668740
950227914
903493485
993560601
880960489
918571213
932841171
975232594
792240357
975506366
770508286
930626676
934261783
951035453
885240387
990538204
712817613
905435143
942925717
993834920
917082506
934735990
931452686
943422779
943190688
950020310
902157909
999649010
991175156
914938180
909522688
915875659
979512570
915158789
992448575
916074207
999061117
978479790
905819509
883175758
913811821
997626283
976191561
999843808
994747040
936156992
931148296
996874939
992624030
913506951
937902850
945217004
974735838
939244646