664652428
916334924
912259592
888100591
939743064
900660006
900219227
938138893
971930587
912991880
909011716
950051587
993054809
939393903
937229216
999933322
995709355
992311600
911574729
919041232
973933108
994582408
992479422
951918686
935410208
905346986
507237071
907956766
943254743
935045366
949960389
919709188
942859050
937339315
933561416
937258234
907472886
940709720
908898429
932173183
950712824
932803717
551037082
939568605
500767265
995431921
881040624
903783110
947948581
950006615
992105155
943784747
916405557
939322530
943367381
904448817
946705850
942876654
904418495
995962828
935725072
905170272
909106044
998231481
991350007
939700283
939303400
942702754
956798111
973871692
900093702
652250430
935445425
910475878
995847677
978072156
936008184
973681828
946381737
977939799
944178310
910336064
975150715
905501784
902893606
994403321
983023288
908553515
940422219
882852625
905099299
937766561
935303621
881691414
905670628
505803087
950568525
912290019
943089051
919265686
931932216
941802173
951882083
990808219
882396400
916924357
946580650
991281519
931867967
997705902
918334357
910635530
996480032
944615501
992572299
933202988
931224244
934444280
919693323
976041571
886129423
935520714
915297970
976577515
885331858
952427755
944630775
976469598
939144355
958262021
913100229
934381690
907668636
915160199
932722175
900714151
934338986
991831505
557055872
882680609
940779588
933671858
900721793
990755961
991820443
943856495
908426569
938138489
943722228
889845995
991054360
945676170
902941951
945699949
907874277
994344724
937412045
932181974
908599535
889202804
990379525
915158508
902673184
505041914
940987707
997894282
902711181
900785042
944767697
935941866
933320395
998840083
770878212
940188583
944068522
996787516
994231157
915861957
936771517
903608839
919489373
943221322
933360763
935872262
955855989
770098865
978416117
914274048
911000751
900380125
993946698
996238817
948729140
907473278
945681609
996348048
935298982
905333659
908576018
992555820
916504043
940657571
993575619
932288208
772561980
972475754
932247416
950051547
914699640
996750788
999525380
9,98916E+11
934022389
505705010
933076466
880073396
912388787
931934025
955251872
908117481
976198580
934546057
908948280
945720136
908747226
334543115
972977981
888040915
930941258
930045746
987722779
994837980
902178565
956568600
916994488
978321200
996663580
770048609
949014248
998242124
943604767
983358995
945660067
976125007
996611490
948380390
913903790
936048285
947859092
958867676
973137697
917190391
955209313
883916871
932902613
931028560
914063891
976790019
906152071
991980290
991352587
931771999
882770514
915949094
955540178
949011960
908642470
939925272
930959592
994590905
885005510
990710933
884960841
916836644
990788915
932681820
974730886
886751987
990475393
939048690
910011939
885282989
939468387
945049056
995968482
770966909
997982202
934330459
912115753
976399353
502201848
930653550
974748910
997294717
930750388
942761687
991741981
938238547
887678182
993505505
993930666
915883706
939462094
931408126
935922328
930590710
993984122
933789766
945993138
978500370
942253124
913622493
931302756
973881224
903723411
930461013
916898310
937300975
770118683
992429428
991400593
908686866
911594423
908899028
901012132
994103989
919590099
937234786
911110459
941306070
995671190
970767671
918132109
998055030
994047508
900565124
952182006
955303990
933543075
993190282
911589908
883201113
944092013
883826900
972462206
932799191
914571884
900694242
958581408
971590716
958137778
936627236
906292832
934457898
933387902
942660784
900604220
942021592
990009473
993149107
932923135
990098415
885818141
905694688
973940180
993858490
907716192
903339209
883559569
906440283
883531209
945341580
995977668
909366964
889932527
911146303
912870818
997713686
950059125
933193078
994260481
930790091
909776113
972268585
990110232
919616570
882239190
996488504
904103856
991677818
956318422
995716679
903878483
950490020
947729305
997567889
977518084
941004191
991257598
948620808
950285755
979335120
996060460
914480523
931102874
990724750
950089007
904021008
882309204
996373494
941784161
888695070
905223050
999913228
910321707
903410056
940023821
991039470
906199464
908781893
991447102
908545939
916100733
912132176
937278536
883468282
977388077
940263056
977835182
998184719
937854285
945498801
978790102
973120094
994181800
993628879
883510161
995989601
904105459
940822876
993887053
932225923
904443793
903944646
919058582
946360158
976192122
908970590
970006266
909330958
918205555
885411122
970360056
901213593
991243772
997038182
994792307
911030779
881261286
936173140
900601923
976131148
777774723
905030258
992498307
941563734
932467599
946301561
933299960
978509994
908465009
905555379
935626979
958049464
994202651
990028283
999031598
943273717
915738208
916637421
904439261
917331376
998726177
940046414
979838285
911081830
904079504
947902692
949380550
997175899
888650042
934848992
958232011
945994098
911573617
905072426
996752212
938742530
889815658
944712153
945049396
935784779
936680925
887580920
908760787
941390984
942685070
935121381
946042055
947680204
883138492
949433331
915930474
917015245
950334789
977970287
915396527
999406464
941988086
938540788
916714579
956400953
917321893
933538858
902404850
995901988
886121555
770604414
905997196
500086193
906002656
945129727
900530000
904737113
914594430
990538948
771201208
930423074
911875252
992634887
998007863
947351094
996187747
914635528
977959646
942293234
909098511
945821890
992095420
997760209
770105160
992003721
900120797
945599803
990610272
931107595
930691131
949118603
692321106
947426282
906512023
912027131
915433570
932305746
906168995
915076065
958080857
943034430
919577750
919859297
944022690
905982858
942836838
933231688
919536593
712715961
553057987
972705080
915398454
948033707
915503805
932900225
948032908
999660798
712951716
993321258
907758487
907626570
908745760
993125456
908634277
951202581
933453253
906050228
942140202
995747711
943276200
996742188
971904247
888383088
940018786
905370660
979278980
902664880
950100487
944670880
903866867
906391112
914322091
956697470
993420046
937871591
934660125
886011418
941233735
971670037
944344004
947892886
932928965
949140640
908901139
940559551
902483868
996477420
900432449
934058819
993078792
978071582
974725210
934238811
913461980
936709528
944917983
996556568
939007997
906909082
903161684
944309502
912642787
990875592
919257279
912338408
772677555
904668710
945427939
943480092
945572942
972474247
770391011
936206670
339690272
992794742
945748559
946415052
997210610
932491273
931520061
970702521
942748833
906059036
977181895
947341999
919041915
945534942
916636941
987074771
940947169
913542804
942561040
943437625
934227802
992955965
916532979
944118521
946571010
976358106
957103068
995058290
997182509
987774649
990244210
993631913
908920817
914309562
902878077
932356362
994630666
770765818
976013454
942297579
972426191
933164724
909053689
991208413
940017477
931697280
919450780
994614424
915558449
946970464
936349696
901652637
941284188
907492701
991559287
907448060
906167887
992601899
949327116
771772474
945711081
900706239
996522660
973158575
935914181
900120683
934778784
910800986
502211977
505023902
941240479
944697393
500701257
942401107
905202737
916159343
907924347
905660207
998999863
978491519
945612991
976131492
953202609
976945451
947323002
883511552
942800994
970704212
997441282
888460084
773029190
904929094
939990383
947380385
941395548
953886360
880750390
994132013
941717990
997280060
934510020
944878527
770404616
940111134
902998761
993646465
942350695
901726712
993506764
997828231
933542813
941282285
948152116
771031414
945026850
948117282
945812276
903377030
912692602
881088862
881046212
902660896
940322273
933787493
942540335
974748836
911105123
911120405
977226640
949773431
9,98977E+11
901848582
940901616
943990163
770916167
911710209
882850183
973948007
905812193
888027679
978666504
908630121
976996222
949730314
992849794
912329973
912835787
940939353
948441164
939948470
931858810
979053888
931545612
942765054
951578289
917421168
915595034
978964007
912917908
948133337
991029413
991902168
912506857
998727902
910283639
943133040
994291180
919711180
972675444
937762110
913149797
977334568
889908814
978569300
979295144
914623280
915443386
933466809
946889033
909036566
947326070
910604641
903422392
915194393
993051083
918308102
997330277
943593999
906123511
993804789
943846123
904447780
911055446
978487585
911702595
933315345
885710484
997170933
937015358
770501987
997447306
950132558
991554378
937668893
933464221
995634205
916581946
931953060
904046616
949772712
978916999
908564662
933344247
902538692
941459596
910244101
997921840
917408812
902546505
910784780
950822300
995054087
901404062
995616059
915752587
979738287
906032350
901037944
957071947
945251312
930716899
916242188
945885428
554515010
985778090
881645700
975848003
917006709
935898930
940697535
949914640
933431189
996070917
916752947
977462701
973883224
930512140
997604131
943828161
945152331
994388877
999170984
712907439
950118218
950389312
975551734
932317105
997434303
903714060
902650479
937298840
904011552
944999114
943738184
992828059
557052179
712268365
933506408
976679999
901812210
931390667
999130646
905793595
956408919
935068402
950856060
944466745
919258188
937192717
912725556
991502844
999080197
902388590
905621506
943355099
936475508
951001141
911435508
994001022
942474173
979801359
907708227
911020170
994773508
909557905
998042926
901939351
956282096
883980219
883110595
908945562
993065339
943350035
994575958
943962030
937838281
973743333
914257634
500534197
904101729
910260506
614444472
931862580
933287876
945071404
907622021
948717413
971775615
931278814
990859980
933172892
883568992
902582016
948020513
911461737
931602261
712481713
904437900
938027997
900207076
950606724
916559549
938448286
951232712
906706724
995410373
937092925
905384588
912001485
948462889
998280233
997790373
981007003
934872525
941029113
931536262
902293363
901956689
990652886
915454806