935071101
941872929
972536643
931602950
900501763
931937224
933508068
999410810
991518829
994399262
913138262
991824041
903146561
941268711
994200804
931434287
995793026
932748079
990499186
990055021
905890669
882020691
914620475
939868702
990215719
937358135
916058701
995227774
500541646
906277069
992572299
947404616
973280830
931518889
907916979
904414726
949989219
882809911
945871293
887126677
994433290
990922257
885477072
712476628
9,98915E+11
795722564
909936667
998863787
916928770
933468091
930573155
909343473
906132186
904779006
884842888
975535059
884238868
979073113
912166243
938431922
971672012
903900271
970890690
919686929
915029301
912216377
972258486
946618592
997420163
902926094
906662349
905841726
944643331
916986094
907128921
902262019
979680802
901575989
919592383
942412294
945738086
931512381
999855656
934665420
907098050
919608897
939243051
978776301
973130589
940599084
935988848
974371774
945361137
991030741
930549408
995457994
955558365
944148910
932922177
915863466
900556445
777021474
917836388
912245364
910600576
935358289
992276119
973867779
977907706
881777971
938597868
905398380
942978998
904771106
949725096
889102089
940082444
941859295
770498289
919181262
934111954
931902764
939678877
990404963
994847838
995077731
952259690
991071544
885148280
914590094
993243688
931265425
954051556
912401962
949968325
930366609
957669787
936743215
970509554
910333936
947534648
997092472
905113674
935844535
909630870
935161651
906393840
936717363
949190254
939849282
931152912
910055332
902989576
916766292
913823887
501026004
937780564
901929717
880333536
941139707
900468380
991765070
889360557
934093014
998711874
901888942
948958389
931061188
996037905
992868893
977498286
977400390
955536253
972290390
903781494
994195738
917083992
934649358
913301823
933285853
934642274
914510173
887877281
931751168
914889221
979498993
337318726
931146217
931224451
902815627
946132666
958292014
971262590
914643690
997719611
883928505
992981485
912728804
942053285
936291788
935480850
937163187
901444337
931447008
978070086
937570478
934011759
942051689
931744979
999959685
903884069
974810586
930978865
938440292
888082079
970301293
997093695
947599449
997718979
696524232
907001213
919051953
934743134
912526030
949090639
915616389
905151089
937261386
994701087
943605799
948650292
990820593
936728583
936231870
900703692
935778710
911180445
906141711
941430885
937212068
913100772
937966989
912225975
973921091
932681661
995121509
882411950
931911396
908593757
936914590
976309505
947268234
941855727
947057371
946148969
949089497
612244257
979870382
915772712
941053880
931095069
936829019
975400162
972227413
996511505
951570152
907455513
905373845
990237885
500044658
900573117
911191281
900035160
905878605
939759499
946484092
936139697
916713395
935523055
981708281
905366706
973661618
975447414
938899091
972797515
905566873
559011262
958977796
914029923
906906322
903311236
910023066
946171467
935321253
919002313
930569215
953327797
950668590
906002212
919028490
938291297
933077268
991289197
944234370
931192457
942738656
932749472
916472128
946301046
933625390
940326164
950018722
908562296
997534077
888490392
911069286
995631615
949752794
948541295
889190607
936262770
945216901
932561396
935721273
946750964
942258448
912847276
902775796
958550566
993904202
912351315
902917628
934181309
915760729
916351361
888204082
915162659
919514230
951715511
905581910
995850323
914733086
995099587
942144241
909806037
979674464
902251594
931100790
946768479
943636903
975501009
914014258
955998785
913203110
902198841
770821168
940413146
997295458
933125077
936945602
977749263
933280074
943721809
949254907
936953035
916748155
945616404
908664177
919023644
972942848
949985686
999615922
942186704
976225171
933416311
901639302
901354856
940059495
995663964
998707754
948265660
914452011
918135569
990849089
930837207
915949094
945722069
950494951
913966326
943651782
770331217
885649396
990611761
995930361
992025887
992802876
908796550
500059375
996275060
908844486
888604222
950026465
912000529
902227818
941273233
938421252
904768893
933583536
915796701
911527760
941021271
946431304
905609286
995560463
991056654
938228382
906760357
934400845
907699094
888025252
906295879
952278925
919061934
906356842
916758681
991427167
910577990
905372301
994550780
951178889
995556356
970129989
949936916
997670926
995387913
937936027
885718882
914163767
792105130
933788288
943140663
935771796
916632625
937087114
883010912
990154170
973661190
958445589
971640126
908810128
911405879
916121200
938116109
905321430
903958171
949731386
901574361
919457255
906094778
913506916
973391867
907911371
990733360
933691983
931607131
916985093
939835783
951814946
942748787
931710727
912602940
971740571
990314866
941681938
913153536
907854403
931058170
948588522
936020591
910440502
913298531
977423430
944292288
957728227
902044448
999710288
916560035
919214575
883600622
935169308
916790140
911515372
931302062
993361084
948356655
975329411
942823431
950074909
914486747
912067922