937621906
937601162
992484557
885508668
931789178
994168003
939406285
976381797
990864661
971933636
978276800
934368079
948838505
973151062
931053595
904109005
994250913
940463464
997508369
994322891
996095100
933479954
972290084
946391100
904517252
943603139
881521512
911201641
904856172
971592818
905426377
996611486
949720187
930082576
881006906
991841590
933479093
997415570
907342314
998510886
932603738
904288726
996101148
912987229
554049156
982744007
933577673
943668489
907599098
901102582
900465583
932611185
945798311
935381698
911255308
957204947
999564721
903099214
915446854
946871309
933312512
933189693
934228874
975663628
933097959
935572725
903787848
770203045
916583475
901132614
916644244
907335433
931381258
919203181
942177836
692243313
935706257
889500993
941278887
998681957
901827717
940250327
939266281
975622046
930088522
978470604
949560315
935258464
881920593
996521519
917333906
919235269
947553095
770315259
936217970
913785294
945647568
932805806
905838319
999391004
993202809
944950656
997151384
908573828
919551574
979292824
978506056
938820212
936706964
915469793
938550374
941849072
914669003
937892345
907201313
976620607
998088699
915158610
993500758
942530049
935919055
886259594
901269201
993121402
938695900
994420664
903371948
908958728
907207879
930624053
883146848
933565941
889190141
770058220
942186879
935384283
930080737
933207730
916184001
934752104
939428844
932299003
881925020
995623504
940095639
936465130
930814306
970015457
918330191
946126041
905638524
932074491
881447117
905277313
915892257
904337176
931438767
889531293
883384434
973320620
942234070
945769686
911052186
909595415
950111266
951002709
997112504
905209116
951806220
915963601
931750405
952440596
991496515
939073688
902581615
930798759
933406710
978414595
974828348
938128692
916394562
908878251
945082583
336891988
934224108
993812278
937692891
933315810
936330014
916497349
915495927
937648510
910484227
931062813
973090774
991730722
888548380
914512496
889890311
934944303
932404797
913005615
902117773
902242058
902515044
974730666
913979878
972353314
973962928
933261464
930752058
888201092
914525994
995440901
943402506
994319367
883517413
976875559
901301130
934320297
930985272
916514169
946364996
933314909
995097942
940092062
995258501
946070909
937301585
944857710
971469818
905118711
999791942
945878999
993624683
940374260
906228714
905558791
915636084
971027802
990269457
915857790
552021268
901583202
930460015
950274665
910733922
994643048
907629491
990272796
999226177
885859631
946660826
914012253
916125911
993339250
930871392
942861978
913595967
900160535
977541666
992886586
881271191
939411481
993387314
335912323
912252902
931249492
910226894
949131261
9,98884E+11
911434379
931363448
919570487
904083782
994548968
992898219
934851693
937772167
908742427
997577321
935717277
976226778
917128515
935568283
914659681
905816765
694622380
935862510
936818276
990867514
916375960
946787826
901559544
937234010
904698454
938711912
906438315
943465432
946053946
937735861
955758887
997515613
932742445
915104878
941600983
970248899
901470102
977531113
943430182
882392303
999116046
883800415
953904055
946432939
935882683
993994898
999634679
906284788
903832392
975557436
902571213
902278734
915640977
999276858
933707094
944690085
990632891
762290101
945684717
944041965
905564307
940451021
997588665
903670385
908602309
933145314
885590767
947068897
934457088
883929585
912320693
993102230
939869700
907692770
933961495
955553906
997305171
942187985
915576576
933668650
916977176
933243536
975566474
938110082
993017197
977604885
973947146
905864885
910472336
915254045
943867792
916735950
973078730
905761607
943477478
944280820
932727785
931385663
993242446
934462928
936860082
949066555
936642234
914655771
972161079
934901228
938887644
993336099
908575526
990813565
993662710
999562002
933500674
945216666
940258780
999661567
940727060
908393035
937493900
941046151
930438513
931527625
908967549
979721944
949562707
904580351
945598362
919402408
946103553
950241873
883810576
990658860
936633966
914097071
973158685
990427188
908338644
907903035
932471655
948731994
975806500
903761861
977802230
994002504
991976585
903146221
880107302
995236380
937620664
946462933
939317616
938839299
948453430
973927755
945398895
973117309
973119851
936181536
936147801
944158503
993628544
900152515
937245655
940975726
915967178
939660131
914005211
942680550
931044986
907722708
939762311
977155058
915537173
995541620
907560191
908960690
940027225
914843213
990271267
946356224
994764915
907369767
916881755
916656360
902940490
933037668
903710002
906191974
915274952
908365827
902893088
914696832
915522213
995540780
930811546
944110676
930767645
883507475
993391717
990253521
900805126
914847607
997962552
977480423
914178281
931286806
886123192
973605130
905113317
911006050
972966121
994810716
999963160
914030121
900771101
937130159
931940976
945489991
933569926
912989446
992550338
946007380
934209428
978059105
972881262
995003754
993492765
934044578
930026273
933508783
930408018
942040886
933020186
936626821
902688085
914669461
918201663
902569302
937200603
995782189
973445747
881640078
932065207
990622075
930821555
901984372
903032235
915780471
944430975
882439200
931506264
941034232
912706595
880607970
912463633
907411766
900564897
990622391
943639791
944109391
907200834
995451877
902435646
932247481
946736891
917353456
931273179
975261777
994387428
903683532
903091962
945289285
933357025
885055888
995936696
915303731
886181871
934454107
934570897
939456185
948305564
936787591
916139975
958070886
919227782
914112190
930511037
951839803
930494750
994001582
919077506
919693901
915454976
882936331
976500698
938463232
990850385
952152887
939096788
883206871
911420111
889996674
971412214
946923106
937561504
932399488
994504759
916517713
944782693
915762994
974570042
995598961
889599794
931762558
931535790
995026470
906710691
952140466
912077741
937320487
904731074
913182647
913803423
884889020
990300341
994457997
990222764
919080655
991642112
788883103
907433143
887888179
979240124
911457012
941300491
985770300
908749907
938886722
770267494
940694349
956571008
990497803
987005536
885341390
944152561
917742414
935930117
881940111
995130972
973401655
995285689
946006841
941330988
994059798
981001819
996627849
991344844
935461094
991656962
905057799
883681554
936729410
936266210
942064657
914688091
775774040
919008464
999668982
931928187
932310586
975565851
930040072
931600463
991100568
933722558
936113451
946891887
881983885
945395761
997862424
930556090
945363365
905613351
931778223
932943681
941671964
694658540
999484990
911699061
978367877
950955795
904095490
906851586
917141987
913208872
672266210
882133000
887432608
914290982
940470915
944620667
943102115
933454303
992948444
934530100
913767456
883862999
886892190
954300712
947826969
975515108
943853376
505037507
914000823
932239229
993091133
996378698
914260758
941109337
948537343
995484934
919677889
971996990
990490217
997489494
912093535
934882553
902751937
911857770
944479067
906379101
885781380
903660103
914507340
919477609
903434542
994164320
940119355
944223544
909966766
994895455
913274468
552015281
944568207
990565575
995629760
940260356
945273734
908739189
933493039
944858182
912864894
902294238
997523870
938552387
900998533
938602068
973569878
995212301
946384282
991832606
976861016
915018693
997294553
501024649
905068003
902725402
934136601
932122394
997261040
936064695
906678758
505519333
973149198
500021552
902488387
904501908
990633544
908390807
993922258
932962747
945513502
979761151
970020671
947476663
999615584
937921187
970851598
936100535
956304546
951642423
946767343
932963639
882871291
888776737
940737071
906641053
908746326
936492777
976204575
998893828
933421972
958090640
933140262
937937600
906662866
883451505
973000786
998048125
500783777
880072012
939025553
500755855
949885525
996998820
947251279
991768730
948101154
990669922
973455052
910560682
911128787
943350179
910778450
931401421
940722363
696542121
947985414
917708757
973651708
975939113
950013291
889971781
911748319
887636446
901963639
944369988
909422297
944963933
991609512
940150357
941551067
906928584
905408608
770311184
957872062
915971917
907797828
770702578
931671685
959669795
900189399
948790849
975971484
907189101
933173194
974050954
941797932
944030807
983084535
902871525
997660358
997444602
909625317
916952650
946019565
975878894
901557074
992706490
903810186
914514603
940533982
936382723
905320938
712259351
939340284
902771945
993934112
914474473
935327323
902556002
941394996
885742021
932392838
998231917
885337575
932035063
904871323
505719963
997297327
947829212
993262287
938239697
931747460
937444594
975458188
977675115
887117176
950004091
943409255
934403977
937727033
937775907
913981034
932568249
903418604
988094466
995035787
941468084
979915755
914635113
919592879
770653555
990432060
934398091
999472414
946141553
941621885
910543141
940067008
930506124
937079158
946820434
979980889
910471355
935524304
913565059
991254242
958225656
905308140
916163550
931548910
998507194
933626993
971410889
912844837
934252525
912839158
977460819
944874262
906165996
937690099
900363613
917185257
975198001
917368812
914424342
991639592
902478710
908935205
945728485
331370105
935674676
911760949
886404888
992159597
937863474
919400994
937567024
992945605
935808850
908689289
882082012
911482085
939956425
908527503
995090786
993767909
936961397
991710544
973835380
911151325
938368859
908835651
991646930
999955762
942335282
712512400
938222577
882000459
930404926
916854985
902909984
915128840
994571282
880128085
996805658
936535275
930809902
991218232
957782280
554525337
930808033
997971014
909818585
900585982
912476365
999478893
902429386
942081945
992333421
948512677
938294881
977021982
997267972
940716772
915676300
944311420
905884415
907666790
953313733
976160162
902771486
919536407
995610167
912237026
881922788
996685190
993055884
930753153
900607311
975472081
915871976
954402101
903410724
983068638
944102150
976341520
976315222