951727866
951380565
930095995
906313426
883123301
501035804
902705509
770982011
916691262
999307242
555115700
950737068
934933506
944870878
902342404
795393605
994658825
933028481
930900784
991047919
941340007
991964094
917628959
956604144
942290978
909415459
912850922
911457750
972371231
997341562
959583377
937552755
983676468
944363706
712649378
936703657
900130826
907236030
990406188
933430707
994826891
904959490
976600089
909696167
947439988
930724316
916047479
946049929
935284548
975873404
976318072
953006000
910455915
931861667
914379207
930536278
946839196
975913067
915237757
886010066
732435090
950164212
906137499
938055991
903800170
958900291
914011807
932641956
908511161
931790358
947791887
915915590
974018277
942792222
973130592
712090630
946457170
957553456
979166864
917104313
712203717
951979658
906010158
949927599
937060977
902915509
943377734
994720316
915557786
900259090
937012292
991543657
971821900
979660034
942623434
900598380
948668672
939052427
945796787
996310195
887437744
946754107
945987031
903791988
931075478
995474987
910605727
934931718
991810013
554520444
979215510
941280904
942172756
996402911
904171661
910441213
970007938
911408543
977452412
944454052
948720309
907478377
938539447
945116468
941479038
946837260
931215611
913395172
943722387
979215696
939846555
955520155
943771565
885580666
998323220
904057436
994229290
977880304
958448785
975564420
955402290
959880494
957679717
992105844
975546560
888482101
950692059
941503090
912330969
977558010
932161809
934425896
933372982
932810311
996580420
930432689
912337133
915414216
918012535
945722587
996868294
883577751
992896768
939275171
552559654
990577174
942214886
909682508
947688006
994901470
935888337
909778420
500745590
971808180
935156288
912226331
905614886
886385535
943029792
906131089
953934717
991934052
939338922
903058404
904729323
940310797
971182555
993148475
972127282
990600548
880250959
950856060
918293210
883810501
936421916
883511059
908736031
992906780
919087710
919001071
949075625
978775677
901782938
997078190
940961756
932530457
992219685
932441063
993923393
992335593
949065015
904261173
944003507
883162687
672360221
907750956
930685253
904898209
997262128
947873757
997259957
901996481
902100117
556025031
939796992
916732585
908896326
787775901
932174007
900403225
934843322
942853839
930069264
935084588
914414946
889530788
919772197
935530672
939688037
970521333
905663907
996687122
937669595
910736034
935952778
991701671
940337878
908271699
993362014
942160989
994580786
995906015
932920191
993380561
970221260
938479966
991324177
973587984
902903714
999720664
942382526
951054479
908490172
917600037
755234181
935243832
931109942
933616100
976832505
558105010
904152622
931767693
940968282
931017016
931291985
913621127
940135564
990060398
992983434
940600386
915746158
950073352
979238881
993493060
991293135
712749470
933393203
936786044
958071310
915441429
959922692
947861557
933633800
932613993
990869818
662210676
907903035
886148590
903213618
936397737
903080958
991056176
936540628
950884586
948877227
692105519
944561939
889136686
930911708
941661068
932445491
882251917
944717779
938923011
916996080
911149387
940301468
930713790
939939517
937688183
916542481
942079484
995364969
999280114
945052458
915687025
996999704
990025968
972275171
909161501
712400560
911068762
908830365
908327124
913170870
712793737
911688967
945391776
999599881
998352253
712792243
901474345
558038440
908161291
919437616
951057883
937332811
997754172
991525775
997750293
930480571
937504099
885581309
932883188
934451827
950529012
910330160
913462094
947458363
909339184
505532522
712316550
889330983
945874241
953558988
904280785
995521152
953399087
936808689
937718996
910321920
930410510
940086212
938289910
907202362
951579098
931626725
990736573
932304291
910288685
972791969
905787242
906177122
992906278
998876003
915126656
930589322
916372007
991501432
889208737
974067375
949760067
939069625
997073806
933089428
551023815
931167693
939050288
933982175
916561024
975626050
904499093
970666990
916035465
905656374
770221394
889366770
997098921
946946988
931797884
886438685
915053193
935838448
902711379
907766687
995673538
991434232
930383458
906615232
939988575
945660363
995247488
902308013
999672782
932265203
931655719
554058585
908834431
996099049
942535205
935128312
903646402
974512177
555035450
972225601
770159704
907223002
901134570
886756501
992119772
910846658
978268286
992491893
917090175
950719184
934590881
936956737
997699188
930646301
883483787
908950420
940722685
976181023
937015171
712664933
944503260
937035301
977198785
990646551
904507555
904669190
993701392
934891084
902480402
978570388
992182496
905746266
907701419
908879582
915944546
505703661
932178611
915831053
939493534
932958442
942564661
934998270
919571460
505802392
906649703
998436598
933672759
913133250
959040815
941986223
942465533
937753406
998858590
950866060
900981262
931570789
935233536
972683536
977455563
944310388
900256041
993410194
938600256
945770207
977768684
974308569
906401716
652287841
906942002
959665558
908941053
946901765
933646218
882031403
941463933
997055050
946009108
994074307
935722294
696523143
917100772
994839588
950110817
994243911
990821056
936221237
933140167
500029314
505713391
996016365
883176620
996308812
770122410
935599194
976599011
908832169
911547636
712354752
900175650
907437978
881068186
770661097
903107567
931973909
906792940
995676585
952179795
949886062
903883006
947754003
901865118
942124462
940051083
915659761
940731270
997067566
908388726
888923133
992400983
934077937
974650826
775772283
554522684
990017449
911683145
911210186
905091360
931536262
931195252
909503076
996401861
914841989
770968581
501083736
905871092
916893429
944712666
901602848
997374319
942262028
938464363
907485655
913135137
992655096
991135073
975088630
931796880
910275651
888579010
913838441
973078465
906262727
555155525
916121227
930450030
901519216
905708869
933159511
915132689
951035113
937184147
994154443
722224369
945924179
910870908
993618923
941288589
932810480
934475424
918130146
883544624
909778345
994548968
935832972
943410378
938172313
933475703
712499482
880690787
712442021
995965168
931078552
959897007
945626722
992628490
999316212
915546281
906394277
997397200
908981727
934928590
932405799
996668303
933127015
903167113
992177885
883981311
995941710
907155007
992621211
888977882
933597834
934821489
933888709
883392171
991141807
917005270
935921492
945525208
998772874
932285480
919447262
916731505
942359388
904157476
942287077
946581193
976578895
944760127
755240057
911139792
339226667
992381198
552037787
933097349
919606830
935717287
904894144
940312895
937667369
977078708
772552309
946697807
942277478
995845350
910532192
930487569
945282528
905370516
932530787
906214177
907767584
944134510
995141291
901657898
912200515
942774259
990585959
936669523
997500908
998789153
930918514
945858782
883834280
987762728
975661205
918208595
886005655
996361250
993020315
930558448
915184706
885807174
900808406
900393943
775008844
907901383
912038015
904967177
994153982
911417135
905825580
977054881
938630095
934933791
904901095
931683200
919008996
912254865
885912444
943499030
934740563
930788500
945169919
993786477
947715002
932783077
888410599
910840717
973308038
933350500
941998615
882932050
935773897
949735056
973514941
907031818
882571060
972908319
914856276
910261711
945990871
939079990
900814142
934767678
919099293
905239193
935103849
902745055
995672496
972723691
912333594
994999888
945169550
943710673
994015425
940938207
919552902
991870879
997363181
944362377
945632629
990494010
975934567
936506502
932605778
932972026
935180135
955702696
722224858
907164354
991892105
958581585
952201050
974880903
933017795
911962624
886375656
943140914
883290503
970102350
912341487
978971983
940681755
976872772
944660205
978999396
916280648
902223721
931264131
919647909
932761141
886538923
995555988
902144504
913933793
975637300
996728374
933984006
770172469
917172306
973881552
908855507
915706757
883976553
915105288
994568462
935444615
880294414
947133131
905693565
902550503
914121117
975840069
990225964
958233302
937839227
946344011
918135985
935631088
995841256
773141797
935570897
914605576
935221850
935095416
500531165
938506675
770481790
934944009
903187055
932372270
905692999
936296226
947193686
904901884
507131247
978221001
998533548
973498385
932118772
950723066
994368592
999515220
881180710
976199401
889301803
937242010
915532955
910024250
904535259
911401481
941918895
972278781
934638838
976218300
993545805
934462258
901907101
932061466
991295736
501089939
909839339
919014490
931501709
933016612
995695230
932676709
906865022
932506650
932895153
916767454
916648640
974584757
919000463
907737761
990305448
909183778
889151562
913601418
901633738
904032447
935272011
946221816
977800062
903606829
995735787
912809041
919443935
974843191
507547050
916151885
971659296
887340017
938950919
945110384
940294088
885863677
993698608
915260325
972033590
914502189
907106476
948922026
930803600
993784381
905366044
905348971
956373608
901643881
976540928
937299374
941238009
958859197
901740784
993451472
951081864
971298844
911506545
906727801
915895887
942982939
777083536
949088130
943630214
934645157
936407755
947768780
939490774
883321028
912882398
995863194
912389191
953531122
944029594
941121267
936643604
976522898
883559565
993446665
906241866
933504288
907588183
996121812
936557563
907110419
908577056
901113303
770717297
908910102
906289274
936281848
931780954
911886080
500796208
901559429
949392562
904277811
946942525
911561492
904572548
931459146
998740891
915939700
900577975
952161513
979147220
552013839
912550694
930692278
917159720
956966603
930030581
919681626
938007787
983639093
956209460
942043980
935700915
885076114
883735445
915839088
712159301
952343417
906739626
991153496
991192911
906666454
943176434
880712128
975782861
888240094
992753784
977859408
956427478
901550453
712220979
939385335
937237151
655524356
948094151
916450534
919922292
943045860
936024482