943334631
932327080
971105810
932097910
911627979
932708656
950066091
995286164
992984787
910141472
937713480
330636415
908728372
941228224
975237470
911195883
907040587
939894444
911324912
908531618
945067664
889538997
948108027
935432587
933870401
936482968
935321014
881832163
936968489
959552725
908558887
955536501
977649197
954001237
933331492
974562134
991418278
908491839
903137173
905555668
915251580
933417734
936454584
995411434
930624734
948998288
915460170
990893940
900345828
930581202
906361914
990162162
999697886
982775000
907471899
995389222
976163907
946665124
934080353
938830523
905587672
905636543
930974902
887931401
976033153
991013171
930020469
916918969
975042257
910782175
940418575
772671960
936683908
993555080
946760216
935730803
915869086
998294770
973225658
935744322
940327873
936975288
990262984
991446500
906756158
982107179
931688554
907875061
888004842
991608110
992538846
995482088
912224854
905563882
999440211
912228678
907498606
943777786
915804344
934543042
990897819
934338289
994940460
910800485
900281002
997762559
933459572
994280182
905868647
908687454
948627582
917186970
995222190
938396696
997174011
881641660
939302490
944734593
994491779
911194739
948202368
943471095
991437709
998835310
939288684
902580458
975446618
902953759
939442291
999046614
930438890
935535663
993756364
992409790
939969201
914430565
973910275
996636455
936690691
941231622
946863438
914902909
946861829
997142163
938217381
937788233
903769188
943490781
933137904
978030791
886620027
930796702
902542921
914406615
939439106
932352235
883025404
944165371
977332370
978437884
974709332
994061612
943805041
939612224
712935763
934242608
908697599
939078836
943862986
957750571
993671991
901784188
945300522
973454588
913266460
900301703
907508554
942631131
907363441
941477700
916893095
932626258
935170031
910731416
946241602
994500367
942833118
662368402
937191946
997180710
976717277
712623885
946001682
888144411
992655815
919093494
906133446
933432914
933366477
908996288
919022985
910613292
939310491
905228217
947500885
886771179
911289895
915292327
971777709
911591271
978566963
956680800
900594701
937536055
937600190
973835818
998205668
937293182
950458206
936512863
974417022
991241621
999368129
904090531
975656965
995158655
936095956
994709432
977852885
933131823
933576591
974848891
911488970
888662442
994875950
905377647
932002873
916635857
994238825
904569183
904064377
886394474
906240469
951222889
910410835
901613625
991773929
999241583
946100382
978015004
999100712
979103900
904108989
933391781
993911008
900449014
940477881
947081119
935605097
943824786
943111859
975481215
931508507
907204583
992272607
979767983
914442512
956424243
911480654
995520489
993272898
918222440
881302423
931531081
936433362
914998325
947299294
919684410
933430988
912250923
939087676
917171985
883525962
556023882
976888084
997155143
933496825
991692335
998600704
903042676
912108176
889020373
934592324
975385986
930475119
915100939
945108858
942427244
936017363
913283181
903914359
919173039
931503566
943956602
940371730
912199546
505000746
911817181
980004340
505701317
990746176
500762035
946105850
934886085
993669285
995470320
914429594
934458910
990309173
917360981
932157627
943609223
995116791
977905163
333939287
888929800
951501481
975736260
938036009
976959996
998824540
901801559
883992563
934013097
916343414
931581256
994908832
933595460
940310768
993263938
934555357
997629984
974091088
942057685
915678893
906449230
900534304
934605651
904220711
944290730
915200259
996219004
914029923
975906115
337510501
712575384
935036095
932616902
916548463
903412594
938997702
994128902
947830580
908522434
991762719
915131069
991706115
951301961
931404754
997487095
991221173
933482598
906760710
902439983
994378237
908699472
911561019
902135863
994120252
943159288
959335254
990638351
712444570
908725578
916762608
996335732
957100611
991621194
339110882
994672206
939996166
994530237
930720590
971192433
993197774
500539583
940230625
990902487
931524140
946103733
903150214
977180690
910773239
936666282
904930345
907851616
904042278
915212014
944045533
945510668
932036300
997375250
933440154
950620264
931645313
916753167
942971777
889997443
932550437
692273071
910281974
916636500
908706502
970695152
915167121
909766747
974085882
930384287
916676086
932259487
912687709
947055452
977462507
978002373
930697819
912124504
901818950
916280539
990594377
952116777
907787963
916990683
995266711
913205624
914735978
911156506
919763026
978645655
944361045
938640561
976319458
992460957
977019446
944965807
930098220
907423277
972891964
955531279
904268050
770770040
900432334
950121143
911255526
958074474
931578303
614352819
712890273
932483566
915950475
914402067
943558189
901741733
934744469
932741408
949800009
943770299
935927721
934944557
975710028
971728288
901334774
999556807
976919194
997901876
993971972
913962845
943310464
999514251
998921019
902001523
994536940
940578706
939255435
979975929
914122425
908767467
901020288
943355669
908535692
978338919
992420302
905174848
942282209
953707073
909521062
954748800
904440433
915770464
906246119
996054665
915746024
975338373
914709224
889332888
919060824
971230636
973891555
947607393
990902695
930465341
914617119
942846729
79262605353
888047402
994913252
884962700
999078087
991661055
771773525
997555140
916072477
999022691
990780677
933160771
953738986
914662979
996301206
902915782
939036010
946630802
949397690
976383343
987775432
917372759
946470960
938348896
911248636
933372982
913665086
973257009
998255679
908983182
933000923
991264251
999795347
972298719
993686270
935995838
995852776
908739031
914007373
905208186
911486112
906739212
883730985
551021750
996956617
888401411
911217606
994515582
951505064
940619905
919796622
906006991
990163122
990775457
990138691
885538292
932601223
959692003
930783358
948130609
914478083
992332064
907621711
998851976
938536694
903170997
944620563
946116955
885306361
991218992
935133990
500020618
990170515
916402190
903688185
990433496
973202250
930948089
943176864
905491711
904414904
942740747
993055911
950018075
990393775
994734621
932043090
906740098
932704452
915850978
945518777
942557404
883301707
942736623
956278525
999365786
904449270
900360505
904093401
883811946
932970129
990523620
934832083
993884152
906207782
994327180
995618087
999071084
970850082
900769282
942033304
908899474
955068306
942072090
943342366
912751022
991586990
919677475
905100876
933532384
911061550
976990989
991323195
990222192
992498731
955700485
934749208
553030322
951689491
906158067
903767007
500759520
990768392
907007307
977320414
979892525
910308921
991118642
941245860
944885871
933702296
993031519
932667052
915811174
931972269
770861626
957769089
999246950
995780178
979512894
904780265
908487971
935761866
908523616
933431789
972885015
912661839
971938480
936604023
992269105
998202144
999890971
912833623
901991948
977720251
947601727
551025381
976977079
900531211
904447825
903514348
947999424
903939487
940087451
913653668
974036101
932674242
913980820
888407480
912395061
910573507
995712048
919582216
919406071
935074173
337069272
942681604
900249355
915577672
712938860
945529669
905708402
935524012
991032861
994307889
903784110
918602090
937701332
939230893
940401288
917172760
974579191
975231484
993887385
883618541
931442092
886068483
978037477
908900416
948718200
919101380
999309545
932823866
994898916
931166984
945832501
932409776
935792440
906287385
931972592
940099586
933093804
712122870
930054827
882058688
931362614
911500275
998914411
915113087
943056549
915909061
993389190
940054010
900090232
930456070
937240513
937427404
945289888
933721987
881316970
996664815
911419241
912065568
906087310
971595252
939043626
939311967
991513881
904723073
904707747
944541412
900696109
971811955
914781513
905912544
997351581
970698384
934001940
945037742
905780253
999089977
905310567
941556511
944258585
976775780
944008615
911609699
900999906
907120620
905634881
994361882
696121961
994371256
947939991
931216490
973274666
941531446
936542198
942684308
883600918
990537154
944931092
952200662
940100722
991278273
933759545
907126202
913221791
939375200
905897100
915736404
946670155
997020788
990596844
889498959
993216149
975242072
911423114
906321449
908859187
997983187
905616263
889734242
991482760
978111575
999998139
936708791
912063709
910416872
914450515
944203885
937689091
994040352
943428090
900407470
931498877
991400356
916185000
958053265
973175197
901180464
903907305
943348740
993294830
930818773
970391144
992252398
915240002
993660590
941294666
994458167
885664411
998832664
959373230
995851293
706060101
946686604
944338061
930732826
973442800
904688071
712258027
915391284
901988707
947029742
888553773
977530353
970860576
975341962
948320259
907447455
915187213
902487033
933440574
942265200
938366086
999091778
945569000
915593172
901050417
500702721
996564527
975743333
932540986
936961010
972594488
950760183
937711613
900063378
930597074
905629380
935301630
990373952
944642032
934162489
902831807
901404236
907600186
993436218
937980223
941278201
940282892
991430733
884941616
998182687
942401166
880608602
907917612
990580000
330454126
903040845
915344087
977057406
992120151
982601999
999553517
939932652
930601965
907802774
973954019
930606165
993805490
940319116
936892009
900750864
915440371
950740674
933091972
937602460
900404796
937613067
936609883
944891334
882552676
995926600
931029049
932311288
948530155
936654987
916280361
971668488
939522493
914060494
997174388
912025833
993354716
945153663
944290939
939528080
990066370
943032636
998539767
912212015
990967993
332600220
997122570
906777732
931942190
888765777
913271220
906263169
951905151
914447563
942246694
916000080
935625526
931051456
919806553
938864000
930376987
702025088
941999436
911181660
990767481
905664510
907279208
913534773
979535950
554059493
950402608
935547093
941386769
900961153
913653867
919518954
934559881
971148774
880345000
941689268
998603033
915791434
903038705
993825927
931781030
915986366
997861098
912020704
911002419