998141995
939351986
908392006
902208810
992841204
949287222
948324577
950021167
934428880
905618182
992225153
976419295
948077337
939092860
915997274
937415758
930378882
938227676
947553709
993690558
935943456
996834406
993670076
992240887
995929890
906459534
930757385
975430765
930872083
944103468
991948378
990752670
930769458
915345152
932221480
932235410
992939606
995583166
937868382
942089979
505511721
907040459
945719797
946793200
934613344
934510055
996458566
993834486
940109075
916628110
995080552
903419287
942945101
887003686
889089424
993314107
976997769
978307570
937932878
915637959
905668200
993461923
948961689
932239773
881640330
949486633
905825831
949571787
993435809
972039099
906696535
770182930
909296157
919002478
970344848
994139497
911094384
932072333
945212138
906700614
941878507
936005195
998579357
907333366
938637177
883171767
932240575
996601543
972501700
976093730
997541329
919552748
996703482
883041993
995818498
930864123
958050086
909712917
990607585
935651474
935295922
909973020
958998855
933056015
907754841
935990882
902329016
906069624
934711273
884510343
977546082
997047540
979028000
999060619
942532495
914537177
881117796
954307909
977807674
996019097
909091895
958010209
941546968
914650442
916929367
936359543
998322885
931630520
935993012
933718885
915631354
904027782
943401982
973170390
991188348
933406052
916077724
975340112
913050950
902721200
970065533
930013818
906686909
940232923
936285922
940459009
902471597
941449022
942990713
902197922
916058101
993327894
937319825
905353150
991199489
886138303
934059663
911978606
937887107
940016412
990430807
949739807
938318292
957790991
992245726
907701287
943439315
911169821
953505026
908744088
889109291
915804313
906753022
882022907
505521741
930371798
932101458
902341686
995592012
880598814
997013416
911712209
997798012
919530486
932019798
936285268
993080778
993642186
994188578
939567991
979071990
905675186
953662628
883221304
906910119
940022904
992524209
906065733
949372846
942289774
902918724
946749295
997589404
990835825
942273800
912320268
942213665
933379505
911253342
911581035
994350910
938279315
930514255
901219489
995410037
943575747
917759482
993866381
907830958
995026417
994223010
905150145
932445806
932521460
907758195
906053198
937032182
997013513
990324478
931222388
945758602
911068587
883066268
883971804
946984941
912216689
978918531
901727295
900210595
935465009
993549051
770322029
931105264
938330778
950708626
997413293
990225333
912157690
906118229
772701330
885832526
907448788
973989208
979098701
934249269
945464407
930623740
997748785
956637379
919618984
930950448
943341223
941978866
916387049
934242911
947269805
947871165
916001287
945769258
955559172
900524290
500080703
882461949
930548586
930855992
946429878
902922877
909513264
612239878
917962949
935870663
889890043
916981514
905882085
881270791
990641084
906308661
712579875
934226700
913014742
884053079
905087934
772571084
999824668
974280877
917108386
908705825
330013377
942069151
914549826
907910781
908842968
939354943
998531957
907380657
976294442
935681789
932202066
975244589
979221502
917820859
905357703
996504843
911936010
975651982
931876085
954051197
939772420
973298276
991698714
932938588
972078281
937150344
885093222
901658909
973908292
614166248
996267052
942023992
933418283
932140252
770670911
934038218
958100949
931398386
934762783
507125161
977081407
981270761
990644708
724922188
978050668
993796771
500757343
999457781
916571138
990803980
951046919
941820292
916781641
885509686
997487021
505734404
884359390
908636110
937194540
931011196
910647047
910735340
932438897
950222782
931910695
889041959
904314225
881730244
918570298
993464177
993910777
950054018
945390637
990186772
900380271
916131018
992021456
997431455
934421402
948108008
948849984
884978887
884931656
912960203
915496475
934352794
888418791
939901079
948272958
915258323
933331568
997367707
880358789
889252325
947555517
934437310
995092889
996851778
913743312
972492678
994897327
997752620
937557112
991356898
902971153
943627577
999807758
914458131
979011375
942276575
948758601
995624947
900241225
886704063
932190563
995851500
991669217
954344045
983001481
941308588
995266159
902041812
945066626
905026779
996786768
910200181
903005864
944468303
949906911
942511225
997700140
996401655
995150061
991166957
994069293
932696906
975577212
930871709
937020108
958070490
915878703
947969313
979986227
912924101
993051690
932484633
957555171
994628741
934577693
905294648
919690484
950121686
900629984
951500385
950138613
957500782
933030400
918787079
997685450
901211412
999548408
883838226
992206186
949910858
886754808
931104004
994582724
914026443
972726515
974791962
933057307
956674449
997945097
942364646
946069680
996443999
978073054
990724364
934822227
934214565
887070204
934013017
933285141
979544585
930988810
910840347
902668535
991475877
912558611
914453818
936331356
972555187
505028885
942417576
998965435
933018887
883334355
973353323
991128408
905834698
949372937
936867238
944182701
908961152
917403125
994535166
944691800
954642929
950910071
933341689
980777665
885833993
979913663
916692070
978240913
973349171
930836642
930903515
935404717
905057584
973543011
930515374
997729862
332120266
339067633
930087697
995989039
992819825
939655022
918206562
901507946
912632546
911125091
916891787
972943090
945070378
930068538
941267277
907808007
905481454
991542261
903598800
882048282
931480076
333400787
939357898
935654430
955538480
973118185
889633939
997481388
932355300
992095287
917177286
991978191
930974333
995248905
999002999
889262232
956764475
939972776
900446593
916041860
947891419
916386690
940986798
943367303
901631208
979171990
991499323
977683836
931163597
932777914
933921179
940862478
903635159
994316450
935580709
907106025
936850514
975509113
916878611
936622986
933026396
999667648
910749552
902792721
936636149
947733735
902031858
945821418
972737470
888478171
998681410
995728503
976268282
993319084
881828558
936824443
917130084
934807986
886527505
978810546
972831380
885970718
932248508
933051611
995708757
909766144
990465814
950581323
909538789
997576769
992851682
707230355
975274414
931636324
991473844
881451424
940341363
939544508
950502956
902315458
949788160
979442804
992023186
913702623
932001644
336645050
905905184
901517075
662222240
331948585
992479464
930640182
934035820
955708086
884979495
931445853
992851084
942277554
977707246
887800105
956462023
950643073
973280991
886003950
991592266
937610702
913821797
996302420
911061683
908652277
912804305
915854565
993374550
938830567
942394055
932007955
904650260
948024464
991066243
950564464
904033064
910052199
937228691
917313092
887076532
902186380
947222006
917379559
902880187
990263677
943062377
906269432
994667145
941512704
916868859
938884992
908688179
972781209
501047798
945571580
981700061
991853998
916285805
941780264
909984133
910254575
883820880
907445055
977390350
978330318
939094489
908891986
953704336
915132091
933523924
996370250
979523438
977405405
995189392
913530987
931220112
995995109
904644384
952282622
770072806
972108904
912138278
906337924
554057889
955952579
997735666
957665466
941056008
910715229
952200201
997195779
933184620
991792058
908672306
915175458
992580740
946840688
909992295
975194973
995133413
909728623
991507869
941273500
938883896
931321177
911175727
933388162
931622999
902000873
931875330
943354335
905373906
931225110
906222315
990664916
973105006
770747504
979321171
996672927
937257978
944401186
908513833
907158728
889538185
998722783
949411110
938650897
938251785
905673604
936724935
947851428
972296429
883900204
956310516
912294692
937015921
946849388
933380538
999510002
911936979
905413062
997265882
900716071
933053420
905810952
941818175
992785053
500057872
930873830
957175756
937848321
905174487
905380525
907332526
992860883
901215411
936977800
993179021
888385775
887041616
971981269
930807813
907565604
913215181
937612178
881332008
900208998
931094995
911376637
941087847
950801123
500744069
910321150
932128084
919498284
904166698
997858596
885649933
975522300
904401291
938335445
901206379
915463717
992992023
934598112
917316282
930439210
990743884
951023763
991131231
992696979
770017672
887030396
886621006
939517003
931477495
930662414
941632421
906333578
907865101
953369414
933203474
944546610
990032126
948011846
945644490
991862285
995201278
900160274
944120168
932220251
992830715
930358469
906520551
916050063
937138177
999636385
906075457
331018892
951351820
917335727
944131790
987713555
904749960
900440122
905791197
900830364
900592834
908985405
992897773
930051848
505023280
940363642
958980561
934434357
919474077
942166050
975016169
934125377
914990610
904057707
937163187
932212652
933591879
934916077
902248508
905183203
886280260
997675056
917577888
906020134
501097376
971311205
976340980
972242966
993851415
998471790
978398995
915440474
995273213
910525450
913576710
901560664
908851948
888720805
950573154
881000682
930058118
994790358
943818573
993812875
906126687
933488717
996061583
934447785
996751166
995294618
997123037
933298002
935472702
882382808
937909010
931910963
945450497
999647560
940409399
770896969
978781315
912320490
907379490
772665653
943102556
916330340
932854221
999770257
913257273
883264326
919722182
933781226
973983085
935982767
904660894
902106465
888076469
916068492
990188860
905822651
696533584
900330655
939090506
732375147
994706644
971941225
912981885
881532788
933447719
792232126
971067878
886782109
933057930
901260271
990638956
900603560
944830584
918796159
906298422
983147357
941511489
911759190
992351951
947192160
979345677
655243926
942281754
993201749
881210514
945147416
912040559
902301958
915783238
994795761
931923534
712656794
950088773
732539113
949775547
934454561
887535559
973251881
903111282
916884734
937617795
976909221
930955184
933122420
933111617
995940190
992725245
980101987
931492159
947910528
904999204
996250611
946023600
995421937
935825155
933820415
933103216
933518182
998934069
959377175
906215055
908579006
976779211
904181418