996305161
942949778
940256444
903362432
501088819
999336870
919476110
994448778
950059011
770151718
903004449
990413352
957107292
997117006
993476989
902740647
941213781
938079127
936850562
997586759
940344474
991666827
942215853
552550471
903093232
905144585
906340708
901638385
990936444
948552384
978012108
916508431
950279227
990868173
900493600
770726070
939713062
770492988
900237276
990010283
933342672
940369608
905240161
994603616
910144428
903748063
884062886
555171720
948974808
990432079
905772088
918442924
940200887
939383085
503011675
988880256
935612184
916007905
991327141
712634303
933453282
915511963
907470648
996170894
938312242
939942303
935300886
907848464
976558189
904447505
941692825
990556640
932237759
946840867
903697505
993308972
941185686
333110142
909255716
904452741
910562070
993412269
9,98915E+11
908816952
948671251
916639565
930367368
997181588
973303538
945804442
979976676
910500797
777058525
993487645
880084606
975775650
914034616
904540009
944177600
991580568
998795928
930437882
936560037
909386360
902204531
885970477
934261416
940642200
906036867
942840852
937787512
933488688
901912291
933921290
881760185
905222566
995114533
935380665
995474530
938323268
973810261
946671984
993234047
554025130
908698399
916049969
953602460
912027413
953447907
996888468
936986984
997429498
978411861
957500406
881142192
934760106
971980876
500040164
991246483
909804501
900377661
996231991
931356711
886770626
950011990
913865948
979003739
948526880
333225122
903660083
901621894
957718291
932229381
941488824
907773124
972303187
937716444
943075888
999333008
998496087
942031315
996282894
905561142
992160898
907723848
885349944
770090518
914506662
931242010
937350165
905534727
505732083
505053605
998469057
992817717
978038530
906688607
994387490
901450991
957003587
974314589
996116693
932254208
908928823
972815077
917104326
994067878
904279121
712636964
916001675
993574887
883832294
551020290
883960686
940330486
932111524
991072059
972271715
931414338
994358915
919043419
931603613
906936165
908773391
993225143
999034787
999473868
909974297
933431751
973777550
905803882
912234777
991248333
770372019
916733062
959060788
950906001
933591785
975107768
930962285
979963631
949515566
948852275
998899145
933384885
949750261
885656204
997008628
979837303
762211759
990634269
902494992
908737850
952298089
930636488
991570269
936121302
972674946
993608488
900594600
919669948
978499383
904591985
998648973
999476586
997332728
905310674
940705586
936045855
953777151
950508828
903644245
905212081
937684880
954445392
949074740
906430928
882468893
906687699
915830474
933016146
936750684
978148858
914567168
938480661
948720378
914830490
911580756
995511046
945838282
930700307
977595418
905280240
992171758
947158555
917905904
905827009
985737303
995682950
883819298
991864523
914148548
916583567
903550018
940146232
913208992
977886464
932293030
975754501
905139016
976221702
930576498
885449955
901503610
913037025
915255910
930701956
933012803
880383585
932897704
912224352
997749070
916572617
501028394
999685535
988001787
906014303
918108120
902144670
931085856
889131682
916284328
931273376
933171554
939530960
996607945
994419057
902111588
933449044
911571076
932562173
752280769
934214700
914453738
933254748
944933553
995190596
936782258
912369224
995477344
933345593
914481706
936980784
949057739
781290307
949052923
946777045
903771872
946100553
948304488
999232675
942360905
931430125
933535015
935871489
996492717
954741482
913867340
991444727
904550914
935980135
943588484
907160577
911847173
950097033
770073988
931303165
902975239
939440287
930363143
994073230
997060008
955458737
936693495
974675259
993038278
942676335
934235963
958371067
939870738
903061382
944778872
934087768
932901014
900766185
932966769
975431540
939491059
992096206
931698822
935165316
505718183
792210000
935230362
990477410
932705494
991331258
938566171
930875061
992959616
932369204
884350313
953335312
904178507
904426256
944480779
930714077
972133223
972800520
940021359
947668553
999830186
905680281
990309112
949852076
908484922
934305154
944971711
935069771
935390016
935888461
932960562
932549810
930720856
990274590
900980807
936133121
907082424
998488967
905226155
993651393
914079338
976640764
904522388
938430262
945850371
933420522
978055586
908361676
993682508
913835964
993397800
936000702
951252574
948890921
905058078
995319194
975079025
991259823
998818715
915645222
945462700
903999015
949158786
999399319
500726450
905490274
937600272
905701677
936670228
901647134
905037232
934350071
934508981
901912901
994474952
990518128
909993293
974610411
931125500
79969062328
939130014
916861133
996666177
931243449
907691104
950084055
992919018
950770282
908835969
914681171
910741901
934050755
914083526
994796390
934225677
994279834
919054358
940326301
955770914
932521940
959600697
991141152
950652105
936559091
932478595
915140408
941686282
976649093
971238795
900198533
882388678
943298282
905489780
994463142
913150787
991873058
946565554
910488700
997949324
951170690
904154876
910789303
931506496
912123308
975128788
883810268
881599093
915591846
935643158
996281231
900819771
935701003
937231128
999153199
977990308
974052787
915471719
900403779
997376580
951006661
990719622
945121825
889082818
997605612
900189608
973933687
917156929
949135283
976987787
910305424
933765862
912420725
883770312
932357531
995923494
938387802
950801198
911108798
907860254
975154000
912024842
883809818
946045344
623273391
943364665
902091017
936037439
938431380
559020190
904284237
935944011
931491787
770948986
936141081
916070359
945340585
990827497
712090639
935892586
943049918
943324140
939351502
993640816
939914517
990128418
919524038
975671004
907341480
939089343
912202531
937031157
912852041
883938558
912227840
902265542
913636244
995639024
505511889
918211242
998326382
977586545
770981770
907141738
951466644
910841773
770051264
884558590
990547346
919012084
953904565
908912348
903903125
911598153
997117623
939132681
887055051
953383894
933203638
991045150
992870648
886771013
993719828
770820449
888031287
911799778
937547131
915141585
937388479
945107313
906359510
931071085
934556062
932857005
902912903
941210761
936295805
936058712
940373060
938214888
973531488
904492773
930045748
755321375
933424667
882351838
914039993
997452709
972901485
915026282
910447469
911682707
948053085
933138616
911710515
886381204
950671535
975163262
992007874
934528764
935441390
903326700
938290440
995614552
995856241
692333028
903149527
931652173
908929490
935443075
970706383
909322540
770364686
884790616
932652561
933437322
932701130
945786010
972502381
915555392
912332933
973975888
907076219
881761170
949790306
906579810
331978409
942946778
944105760
931712000
931733793
904101239
934023579
990351679
973562150
972040090
992022690
911235391
917372138
998049679
991761608
949031742
939043702
997613660
993158604
972229376
772577670
942270655
906385206
507166114
886897575
993846629
931033488
913530888
918114866
990215191
994038723
948849505
770952550
945650866
886663101
942188845
914032201
951500882
936852402
990598523
932056881
907694121
938804703
938800374
943331240
946036267
935034631
931884377
916347572
770258007
932161052
998310654
941941319
931531137
938091051
939417185
992904515
914447276
902461982
995084094
912161133
974121807
886769200
931411053
945214854
887664588
948311817
944706263
905020656
955954709
994247279
951888718
935375457
907109970
999695682
912576632
880273322
935475743
932644673
696523143
949000778
930098923
911475156
932308821
883906870
932302838
902526024
991728295
901537410
976042702
939058589
998442184
933395703
912036207
937468779
950240488
942210461
958022296
990806109
917332394
933057585
911288382
940954501
991364088
942418011
951202265
934925537
910722112
914633590
948513000
935242683
942675678
945743555
915013109
770691416
908680142
934045551
942432114
977467678
996226885
938866603
905231052
933425829
919101861
919884835
907217628
932116187
930689664
886121562
500053442
997379529
946727061
938809286
934939938
901928785
912701777
950085961
973706300
932993430
931391258
946231965
904599082
908131028
911408640
888106303
915791184
932941928
995963289
500532012
932082035
901049563
909030059
994999410
941198184
884068659
915615171
976605098
937020476
940520956
958889830
970928090
939681959
945120231
979660488
934385272
973841055
995231088
931010699
996789910
930966261
910122502
909318063
976991717
932289101
911441072
946592159
996559552
945177433
908948360
993203541
914125754
935353044
910428717
939641541
900677750
908929580
905894163
998777787
915830453
943461408
902835995
934798681
981107011
994250561
932984566
973847656
908545659
997191002
991354701
900056763
930068187
907083463
930519183
932366120
996548486
980770401
902073674
942621777
906331038
883515353
942533630
919556966
993253432
906661336
995712231
998127206
998960982
991455125
939518802
908782564
919560897
946815393
901405306
930484384
936263839
940370785
931323189
993386611
994029483
935093183
932339042
901904333
994695488
996073270
919739141
913163272
889515121
941032882
907794769
940086562
952219186
900953510
979299443
999176887
935443509
942842443
913293141
940488555
948088787
997397207
931551986
916327116
947536265
981604344
941345408
937997982
919681358
938528791
908957559
998631104
933251569
978605787
943958600
959698589
935376761
990595541
936136589
940268691
912578634
944666428
906681976
931007484
934271163
930951082
993900734
885480409
918141943
932620635
930612784
914802034
939820985
937689938
655270386
938950519
942420584
902970670
933342365
915598079
772508406
904138083
914719695
990936920
886681871
972900610
934804022
934989088
917584880
937357865
997495955
973556878
999983173
932159585
770458784
888426362
881803280
916887712
994684112
908820605
906440243
995409144
930835345
943535198
885409910
993348902
935046361
940999969
911210365
889008504
979148911
996195788
974694555
930443280
997133994
915445073
931413243
942137792
992260587
908711454
908740455
934816412
907849595
998947401
993849131
994767097