905512787
990335941
938137577
887349305
941733791
907165343
932025122
954494747
949166905
937293438
942725121
940608817
882814114
903520889
991718387
993974422
944661490
932411054
911242203
914255206
881888614
998339314
990392527
940589192
943594546
975808313
959556956
936653280
991611401
936251240
945866444
991793091
936633895
943252083
882851050
990428290
931047242
991168307
911076717
937778300
979986971
917196189
991529313
912995852
974632227
903767898
919253596
993599556
889132015
954057407
913838238
913794474
931058604
901503718
933598098
997535822
906174306
947725092
505072607
997014437
990833438
941509795
772504455
902878220
915983736
997441180
906285459
933784990
993208390
911593267
996380640
994489911
974059535
906890940
885306855
912624687
770737904
992508286
911944373
944341705
883602500
943777441
934643257
940343451
943414600
907441530
942996880
957903979
938849706
912720221
949979510
992895993
942192837
500064377
948800387
940100922
915114340
976391558
902994795
935522482
992724837
770962021
906227525
959407571
770700365
906339677
904706351
946907592
935132611
979509501
974565028
930053064
994437090
976730711
990745388
988889559
917849290
945229585
904622977
880202308
992881083
915685747
936310094
931077432
951107245
999701984
933261053
976455855
908548050
945087222
990557319
990967589
994861988
991280401
946883545
908520681
908742601
947211837
944717252
943085701
913553412
936275095
652226965
990456511
935691971
903099995
770044684
888462992
911588806
934820364
945032808
911057677
976337558
978062044
994633470
770238812
886403112
994934920
908790463
950854504
908445144
931276468
934414088
936804721
902464496
959397705
975221443
900739909
903885898
918818228
946126011
996303580
931507362
991652988
948534441
992011546
971070208
918792608
990256688
944706062
982101424
937968193
886107677
946009774
912834478
941805139
972420672
944559706
933579716
889648889
990723345
994893607
972249177
933421514
931765656
995400687
916992083
902540135
941864440
973882112
905871744
997605605
904422884
911593709
903661986
990069420
910260681
934067284
996246286
943049182
935886461
887672521
936995995
996145920
770202065
973027504
994333321
903027721
997091182
931772615
994707506
916628433
905091325
979946156
901664800
912282510
916523008
881922345
932054433
917354797
505099219
883831271
912362993
943458000
500099650
975217273
992238323
991652691
990746323
940114919
930537351
336969621
932521170
972448464
948717060
977147909
975298685
901384245
933611663
977242467
932667802
975331718
910837708
994554821
770092008
930353282
887150284
919829821
994092722
935175068
946627226
935282001
912632616
979537606
940678992
935543840
993409939
942181386
945055522
994770935
941401130
937530372
955508333
990403319
978561032
931215560
915942804
939683773
906311338
913879241
998283780
914057589
959330382
888691009
947548079
978288890
933319407
974517886
940790723
908734470
903110314
994989196
932674707
889072466
940758110
888033079
990278189
906260609
775770189
990068517
905661430
931222254
997369576
662219369
917747644
995495963
997539638
917143885
994386457
914432550
886138286
972802720
959575054
970100219
997485121
917782912
972557343
903824632
973057301
948661420
946290908
973856677
937900717
943575800
996813848
903784391
948468619
881349492
950306523
944450409
935332985
934135042
900981179
948738490
936494550
974555843
882756404
997795975
919060010
905314775
990703221
958503008
957709792
936129884
909997954
934675220
901903834
948333242
500061686
912422891
972858200
905832253
772547787
937346011
973919049
930540361
888796776
993460376
993778478
914055587
938260150
942999074
944104691
882039096
993570973
943600775
970361421
505009406
955909013
996763036
930435772
914242236
997140415
934840704
905389122
991941361
959672030
907018817
915487272
951034748
938780683
883053606
994386682
943572303
916894098
950670261
996380350
995076058
938775170
910116966
882008219
940339489
931085432
507271909
994112053
977464648
915776818
939198101
912246277
949343535
975453113
911103298
942841560
994554586
941978673
950791993
908103835
951802848
906973775
883971581
972226215
937182087
881060407
945164541
882890005
973171202
934462202
939544671
992600354
888910503
940737887
919006069
998471391
933480640
999901059
975367510
970400874
945366787
914556060
973215125
943153062
994263390
991777427
991410780
934795885
934204347
940311374
941777486
934129092
977130761
905300264
992999690
919140181
945772724
903135618
907352103
904031213
970093359
974220208
770257599
995301171
930096076
931340114
889348286
996923689
998870831
903049294
933052854
990966987
996238869
973890949
770366101
975331860
944855997
944772859
940651256
971084848
973241965
911476760
903698879
914057952
907102417
971500530
939923878
931780162
980777765
554033276
934854499
500108829
995971980
905192086
934774324
919762787
917728503
997917707
882504484
991239108
978406566
888779126
936568221
999255208
908766221
931279964
932668156
933289528
993307526
883911363
999594991
911451149
771025262
991988496
932511645
903480285
945520059
930791361
931515158
933144400
994121794
914025756
910017121
931389382
906756883
904446654
912273133
919061775
970948700
919937085
992215213
934865959
907492066
948018387
943436801
999758534
959331963
937844843
934785407
913636863
930852667
991387444
931232288
976552960
995982199
942297471
953134742
946722447
950889290
934380464
951116232
916920494
971105400
884537830
973858666
904782677
919502147
996612375
950502652
916750117
932924792
997734307
905505695
972006506
902811122
948821793
914516889
972272678
880210681
904582990
995175421
902004856
915145054
991624303
932606906
914194888
903006105
912321959
914086741
997417430
908850754
905030901
919790045
931916487
908952525
908716781
992122421
905362744
959330081
882448180
990413550
883334548
880503047
932676226
915250759
994138421
886061011
943375537
941720370
973863636
913328866
916898616
937011091
933024650
909752777
991122548
912288292
997369039
990350771
935334470
712205989
941676685
944777800
970741998
945151520
939033444
999666727
997616989
953377988
996713690
943534057
993314703
932841241
999722984
772527595
936930434
932192388
919441309
996379488
996902592
911971229
947618333
943370590
948351618
912217077
692279129
974081266
996682777
889981281
937558274
932211971
930989710
978015422
901548991
999771962
934707600
959775554
557061796
902142512
994461880
946653132
943057424
939338000
919788331
940077021
978433031
888368828
888594100
930568182
902063264
940000992
946004035
931015597
771040164
886141851
936047580
975050240
997474119
943458858
883788393
908719337
906378285
907447562
886260603
947663737
957790536
995495584
996153837
652210429
936244428
991940422
950153579
938878387
943609221
994468953
937629483
916948702
975654047
945007778
932098316
912956054
945617516
912376883
937827881
937415132
940781571
904267722
996607782
933972728
993445812
949332243
932031925
946358535
973902255
994039737
993730676
944444924
973035054
752265006
932204188
916599501
941506619
941091714
973847060
913841457
937842311
997187140
902582110
995533260
905115971
938041218
941442090
946219659
770909323
990839192
900252040
945870302
900747313
972855669
983313177
931214162
975862149
994052002
997700223
991058199
916364638
905811184
991542289
905953085
990774817
907708891
941423292
915394978
900254164
883700012
901025879
994308133
996412112
901090927
998620160
907213111
950222017
919248587
919023644
883997131
950249962
913050914
941720672
908911930
908311782
909158082
943157676
996262539
941190610
941871988
998290155
947060412
903622772
505518787
990940883
905316213
906008128
902446486
919421420
992896111
911842011
932882504
904435921
905685001
934964006
934072582
942656405
956808186
883918999
940885679
900972014
972572726
905455020
906568631
916178090
919753837
910574885
931760657
915305188
933657739
973160111
931466594
975777840
991002475
900454561
941995525
904590001
997182784
941508995
990217678
884821917
900950933
950144013
950227882
912434660
991514001
973303102
990777380
937100064
885819339
990641781
995838380
949987058
997775533
907107228
914877753
909823536
935962997
995549186
904922488
936035930
500754884
941838116
945427717
917128009
903488715
998268326
888147667
938220573
995348423
903431767
954105757
907435383
994272455
888910793
903366869
973772171
919559506
906370355
944612545
889110063
770249429
915327417
933553109
903034581
903796005
909970493
948821542
881381138
940578892
907588809
914815657
901995853
977805990
992255900
996675069
970757700
911122926
998615333
911628566
910645485
954418941
930903890
946989180
941201108
990442389
930361567
906881813
911541026
933314246
997341518
972226079
993205434
770772532
885855857
950227776
948172794
944660580
994702531
908551585
995301402
908634940
906074393
908370794
947292076
914885488
990928401
915081574
919425695
946448003
934077147
951729293
938211444
990476021
944008193
507033808
501033754
996831330
991889874
501040531
916557794
941334496
908413505
946827995
938774146
915005997
973570063
998044637
913791550
933771789
993334221
902074842
945731608
976776950
930671684
905252263
940439922
950662331
937918592
888440889
942641579
972133123
934663832
946933409
993251573
919087570
947411476
949152865
930537952
933596592
931410352
941972919
976361779
916276191
918108586
990268061
933403908
907560193
995297838
997657848
979747367
940049276
770030320
936303980
939391373
902102717
944150685
951377710
942216777
979871909
950881944
970251769
934708575
915583556
917987864
949454943
945269600
932877672
905824707
943171818
993904770
930812413
888703222
994918482
935888108
930580872
972420280
995220910
955401055
941504695
916026138
904744322
915354610
976703270
933053995
931350486
935878300
934641656
993281203
902133332
991499698
999305758
912435588
992137983
946180584
909831811
936565292
932260201
902436881
994700505
907427043
934689609
939748081
904135588
996206581
952773190
951564748
935586884
934137403
938486002
944187737
975906078
994042770
930700185
930468555
915036437
975387214
995000019