994494050
915698896
946164990
997043167
909045590
999257373
912300308
974568358
952228846
915226177
977130091
912457673
334452727
990593039
935646067
953373930
918798950
937945602
887435020
975626046
970285222
889901490
973698020
945221124
955512676
930456969
959332656
912375264
975581963
975128120
910441422
913715256
973800812
931781017
930764475
970701021
885797589
944264818
974370902
906588846
930012768
931499906
951722058
948386861
990258893
936091693
931464922
990516944
915211963
940204044
956431977
938737779
901262172
712500136
556012426
995681256
947319493
904444585
972426068
914556162
941940343
712081799
948710661
880711582
901971229
884298808
912154725
976980208
904456068
948690507
975995133
933390964
914624582
978412186
931001624
884973666
999538187
990018990
932991387
886646563
999495940
996241016
913255997
979089909
505521573
992586769
972187377
770222353
915989002
997346989
973600732
935881762
995212590
934701530
941009420
992735593
909569509
904558938
900208919
909058297
992067003
908741253
932902896
914266610
885896889
911729972
336093355
919550934
958371067
997332204
901436311
976402590
992930057
977267343
919555064
931862112
991695009
905533016
910713263
996843927
940169141
936441262
912119030
881488887
994110331
930803023
903870850
943233033
914619084
902982787
954448625
905318442
995301830
990362524
999824668
991639607
990730721
974109490
916646575
998914172
950007029
930057091
993022379
999000797
914271811
932420382
942548054
996773884
913563312
905179289
901955887
954540323
999661567
945894790
970263477
937775883
941921828
947733445
996869909
951900501
908895765
904171983
973563962
732425707
944245058
942917417
933951200
948611192
958070385
975644949
932308362
946537555
990429491
938421231
916744252
932657764
993520285
952229674
904415737
905293069
916216678
903355931
907233626
938974727
992226774
936211492
770024422
943784747
884628689
998039228
957557882
994034291
947722995
505026331
945950592
937802105
950527482
910229183
977853325
941714292
903034422
999665618
937590026
975440190
907290599
914801161
991209544
906095064
933678208
997367686
889107782
994498222
933527645
948746532
952608292
975778184
912552690
774779100
997011535
974644845
990760595
908957412
943827932
991965884
982780551
901178752
931299078
880280184
938516362
949979499
912451108
913677173
931605535
881910108
903460225
902006088
934881872
974400108
901721263
900026946
915127372
994339204
903346768
914221065
902880009
994264383
945635457
931949098
882072907
935539205
907819094
997569979
916922872
914084017
941110302
770460578
974477674
919562917
975894919
998688914
947456462
990233898
500052441
997825762
937170101
940043878
994190153
945452217
991518111
936439191
946724293
933597000
902700483
998011572
972650063
930673480
999100669
936068985
946178886
977667383
900562016
933176763
945717544
937669114
903886162
949021650
941752829
942121401
913270211
901407842
999016106
990016323
952298380
904641075
935600767
881924433
991900646
990456792
906022414
990119595
918133764
906076029
936280904
930734748
949926722
997858596
944730052
904282708
934350782
990419656
976968488
558022950
952386364
957552055
912439143
904754443
913852472
973292353
907070958
932366094
919509771
917781926
935296919
900071459
991834344
933789985
978100172
992216683
938248788
935880258
941432151
889615151
908085451
937292603
903623694
994174092
944658894
995063652
958105363
917712871
997737302
953839301
993415271
888950729
712622721
915640270
977252586
503010471
943252788
995408834
905059775
946662325
500793547
991188492
906004468
995613232
919590928
947075255
907774014
950752117
934647016
915749583
990380604
912755880
934616919
914640155
998668294
507045462
911193279
994464591
931176392
692390785
901250866
913141205
994499523
936500956
931394151
903807379
772642717
977272260
955853399
886184288
931716584
912101306
958180666
937484819
930773334
992660587
915614829
997046469
712224123
940591788
995276992
900456364
945451141
973927720
941212285
992602557
901947544
991572381
951192297
975396979
998242324
888098082
934384775
885360665
909069190
954441479
943412589
931998629
914742463
940062287
931013344
940116483
987720999
930561610
887029378
996853123
900454490
949098303
505098602
944480911
919100186
972885292
976153080
885376070
907796505
881381138
972645060
946264305
903415487
909246586
712471305
903901772
945787773
945212733
949415780
935461094
999996501
977109299
886400882
949230087
945519111
908729595
945531102
943671616
712431572
939071468
992741577
948504636
933233209
933032738
931784080
932168414
999558183
933380410
918270850
993809986
932184401
936921952
901401383
931900660
950870989
888021073
908560236
937609084
974889097
943670109
975853073
931170289
917843551
933499504
946856562
933044521
957881588
915671977
932262888
935577754
973709019
947220007
944963300
915670160
990877784
996122989
888460330
997901132
912462419
909117336
919090977
907462296
994205796
998885307
932561939
884462681
979178385
904251588
978997050
932723394
971748984
945251700
933967725
942093848
998693796
933191994
901677315
971228707
944008730
993858286
994096477
992765989
972267737
909040771
995850375
934931016
771010182
940959959
976917983
971319731
884366677
934412101
948440987
990922089
915052881
950188880
940296454
930378304
993678522
903627261
907571487
931431590
935242886
976210085
904462025
880790905
998028695
933973414
951734797
947532623
973365065
990788617
919587614
919471282
994264984
975443845
972620806
930958478
887656101
930020750
976713378
997421824
886667148
993991762
904403406
885938588
974601790
946211228
936913233
505012635
999102390
932682529
947813991
971885353
937606515
990490869
970663095
972554005
973785030
886739293
990817196
939935654
946099791
945100386
916296828
937146444
991721927
915995222
937091183
994816507
916921897
994556290
942592691
947322013
949172477
886096190
913266366
914721607
941066011
915994929
908922011
958209000
995552157
909749461
931762488
998026085
972994003
936080490
932372526
909343551
994392554
777374999
953330579
936720971
995738684
883173734
904180630
500024337
930807710
934170398
949300515
997039999
908988181
995411404
951730030
888038098
913546324
998842699
911872477
998872233
977997887
916490919
912273232
937042242
972209041
952414549
909228854
942757024
881972818
999313656
941617129
996008357
888010793
952292600
994741400
943160609
770220952
932142562
917363228
901844646
972070601
998846560
904874742
937062129
881814540
992791064
919058098
919727878
952174405
910162626
949480605
885005595
973652204
932270177
886488489
958890779
996756066
945363068
956804393
919656566
884792717
977078504
990220226
998805161
902131710
937510910
906255543
884919124
941962297
976388707
938994217
913697717
914443910
906004006
954802646
880750955
900606284
911789288
931345141
937241551
977741738
907665863
972099388
939368099
906100108
999983393
938081896
933313327
944704930
991931860
501007735
905064647
948938999
931744565
882442083
995598984
979993239
990928866
943470391
915396777
931212427
905400118
978675052
911050596
907258435
912505797
970581488
990711659
998489939
901600105
742272737
916120477
770280394
950004939
993319622
931111213
951144247
942753073
971315252
915354494
770081596
939659994
973771233
934194425
978516979
990791799
934200711
931616150
940161321
994360003
933157994
938623940
945427274
914310610
937626765
993484649
945538753
904925141
901090704
978321016
973716066
996107016
995540045
907755650
944262468
915905621
971387444
507037738
975957373
948919889
905280204
996602392
945723993
947820858
997432586
990502081
915890607
972476669
911406880
990565706
973596555
991630490
909090694
933671202
933425208
904297571
958707676
975350984
999130580
941255013
942679976
886915554
880359993
970455062
882911009
978888097
914513144
943282187
992027606
950494111
946398885
998358934
996641636
955521195
973804342
959486777
937277537
939642266
946641971
906636663
901583656
902174425
911758309
712921320
932296015
973032034
994496430
906564341
940632688
991577553
912207058
901794024
939391949
957789325
903432372
942231080
906752535
900330793
907882712
939862458
937632393
974565028
914083523
935738353
900718208
991023695
950503172
915124214
948110385
975595420
997220709
942480501
944352233
990039759
937350367
936518404
979301719
501029508
958220601
999306394
999574160
556012522
977032366
944121684
916760705
976204575
939956924
992423016
941356050
913511977
913129058
911123926
770858690
505719908
909953150
994332248
507242757
912454153
904081286
902684747
914913278
996761494
902846343
939239907
712429300
712477939
994468414
903431190
908203676
991583057
916539049
933746263
939239321
991242443
993117835
932731992
933570022
908525081
932979454
907856042
933736815
916407656
906169251
950049472
996559950
902005466
930047891
935527855
931416158
915043229
946366690
881073637
915804612
998906117
935092709
957900080
951089085
918320037
692245146
998760385
919770721
973933743
906282231
931317290
941365383
940781563
903902059
994843872
947107984
935079142
901876050
971241258
889541676
991500138
932395646
945687377
997584559
910465006
999989524
990715589
880251200
990645883
919582396
501030708
940116338
933600391
993084015
979904594
905948382
974087247
942289191
991135126
902003391
997143784
940111387
936723180
946135686
991197565
972751081
908496071
998707270
911009343
946987908
993377525
998386626
930535366
997410955
662218431
953992595
907747127
906118119
906682101
885368688
909247956
770663690
904031490
501090880
915285265
991538797
999880017
930647688
905340408
977271989
936552177
910939506
916374290
992101839
933008697
934763883
903524996
939411129
507281008
997315842
915838269
934605373
911287434
777059089
902691184
941024763
936692241
919598259
889007989
972844110
945277307
993768560
905336481
919665002
935955653
943595775
881720477
908966201
905969135
911735255
910962014
905645586
904921288
943448086
946377587
912221429
994428730
907723100
933703382
936412741
912820776
930959288
981001985
957278881
936665486
936019504
994899297
904111298
914853536