943536063
905635095
932457774
915243390
997704089
932581477
992190588
555557272
931987424
915733872
972125900
993442440
932161487
902821999
985759229
906439511
905602089
916908434
938132200
932368018
919071175
995153743
942858957
930635191
931875275
934483626
932725501
944605656
949151382
992750278
914613130
979880810
945792881
943676017
995773756
944355885
912307220
916723212
919171989
948416881
995291255
906489207
931124873
930037070
912042961
946000695
976901653
941501846
884080156
912270242
912008953
971120554
994056287
902557762
975310911
996281591
915541899
911502245
931533191
995308454
932307801
904466168
914289700
975354947
772947737
945131758
977946466
908530441
945277267
910791774
932598122
906576950
936556373
909316507
932199720
885201116
949832313
914080913
957977101
999572996
883900844
995219196
994598070
993506286
931295970
958404061
972377404
991445604
933705259
930594280
934886129
990880087
903674533
979782662
990388514
880960682
900738587
901640715
936315445
942846553
886338584
942360025
936820796
916616890
902516232
992576431
990138116
556029894
919801219
908808485
930066443
930835319
902258142
949773696
916783151
500785383
938931001
907471082
949165286
991755546
770845510
913123343
944444643
933422770
990408687
934787483
906767722
903661254
908811322
995517570
933968789
935117796
885223587
916151813
946572680
916710493
958020044
507033108
904381928
904259666
949069598
913620045
912405563
919977165
994507205
991269304
917180878
973949919
916576510
934592992
951710331
993667857
906563403
916345794
950122040
919603525
914901020
901682556
938140491
931629080
944474546
883801506
882859989
908338464
946088687
953551155
940880560
772576077
940088033
912977783
976426635
934931464
933003449
908558444
903741507
931393894
939277501
975542605
910776619
976057199
915480335
937075682
993022384
978058404
945478939
949301626
974376633
930758396
950601076
974269919
880851168
911934505
991881719
902660727
888424808
931662471
915383389
995069686
973856201
885761516
932221227
940332026
917198586
936157819
945064375
913101959
915899092
974260770
991312648
937064345
972291514
903448432
971781310
997896888
976150191
911312979
910782899
995394957
912751720
915872961
907647770
910050852
994277181
911083481
914039712
974080208
913949390
932285460
933418491
905886504
914979746
930768373
984750902
998200184
935122676
999571133
951059593
907862647
942822119
990501793
935292766
979858003
976333989
906672987
975340886
943524662
993350382
902640655
941346140
919710594
917623639
910337910
992677708
993136758
949483378
939979993
958892019
944895692
935756775
958090677
940053059
904470195
913514642
906574739
903058575
971797303
712513191
946610260
934360352
992137366
888056166
934270361
948160774
911368482
908907691
948661561
908596191
935383358
907110621
971513253
976097051
919075105
957055089
932286775
943118592
993128494
994275909
915801273
953398595
918205238
905815860
952244288
997451185
907290646
991332772
930982750
907169930
943832584
997500695
900215650
936296499
913003068
931577764
999440986
900504619
912305747
999889871
909180758
886180717
972577472
934458010
905925653
992120557
911734605
992049488
977194019
996088894
945388612
930439476
912820980
915126016
978570771
932576466
904054206
978468405
931967579
942684404
902986162
501004656
919770115
936854077
954421323
908697320
990966980
945157455
994000154
979741272
916481568
916822786
996130307
993348092
978982191
950805092
957877870
993785582
935179797
905279866
903064501
935300737
945893355
940729303
998791169
990061399
908344566
950879995
939137973
943218711
777778248
978381303
937946909
994858701
991598793
973661262
996789895
882759800
959096691
944691878
950051965
887877983
940009891
915500972
931891278
974707647
977604965
903904340
934308789
998230462
881060524
916505202
913221702
881329299
990232922
996117727
998885653
906761361
945659922
901831799
993182982
931308220
940099906
911260558
770947172
957905610
931068926
934797930
910572986
933516744
902858662
942864506
992731897
994197844
948744272
903687383
941830440
932527234
939838896
900804759
976034842
901653616
916743006
947294838
953356989
500012641
trunk
911083655
993472599
952818584
947271403
996256360
934379464
903476742
993226606
906210751
951311454
972907977
505739535
934445844
900399340
900381230
937026265
942022087
937701047
941860374
901663585
932585306
880502827
930410602
906039262
991212317
959116162
908956486
990184494
912261170
908867517
917022990
949861315
973730952
979204112
906270922
994420961
900734174
909226401
912160705
946660679
936870402
944105125
937289094
997955949
918222462
947912210
999640379
916705317
885218288
901894830
931052521
976912005
944404305
972715542
939351958
998697029
949339880
950255259
972679894
919107271
976016879
931039716
906161550
934749388
902309198
945102282
950112555
880078665
991120879
919600525
935069565
915270422
916670867
914912627
906663030
993790068
931784742
902668340
975804825
930949578
999072204
945752014
914661535
79040188747
940750905
990415386
997432281
916545510
505064984
712185744
932349382
930044476
936737381
772631772
990891280
908580889
937446461
990565084
9,98973E+11
940170391
945801486
880791996
979688868
905643213
904699001
904515755
905333054
907116773
919206118
948199464
902702592
934680662
952551819
976749997
994778321
913824607
950054636
938600344
931613991
953343022
908187447
940776719
974727788
990543195
952550867
991675919
885135252
997028434
944352262
973639496
998310965
912851975
946450462
997773619
888408631
907157998
951016900
934163290
886367787
934648479
770051251
940237676
907772802
997875454
930609478
888501903
913589634
917875252
930870988
902305760
919046997
900291525
931208161
901774061
935627111
919091283
907330401
935064707
957374006
973210305
996391214
937325788
959080993
937306860
939661470
906657166
972739400
908109085
941113454
910349690
902791712
614122160
985201700
933925357
915678465
992823385
935750782
500748295
987003007
919737545
997788820
934229495
505740308
907638685
911221907
909015655
915073805
976171986
916096216
905411286
912351242
900977992
916068813
937262047
933482092
950332068
914850598
990840892
908278134
905610591
943082473
919060416
936680668
939982183
994690878
915771697
912432824
932063595
978981989
911420185
948138383
990062434
943036232
994630089
998541977
911583571
887072321
976515257
501071260
990950444
916751125
932791228
933240073
916514246
935191874
906260468
972060103
946728846
915962530
990742586
903483280
888081910
902760819
973154578
917381184
940297077
933686279
911281124
979018086
979203730
910912181
889511582
994451700
902022925
939464455
907060087
949011378
935869056
916587058
919681956
771050959
941581549
662384595
935033624
881451135
974218278
946152788
918263531
992282120
995005276
919734068
888519700
990094208
976810170
974876764
945988584
973288777
941999621
936047982
991021131
889515232
936051655
904277148
937431702
933092762
946625831
901813787
937831419
917406221
907585860
930893240
995778189
917115621
977073534
999581746
990910828
939320644
912498923
906441284
998322231
916569458
979260944
917001591
900198183
918780961
503013223
950391982
978955999
902104210
971121899
932909649
907433220
914236775
936806382
990095262
939391989
742237647
942476766
932400188
500784731
950638990
901597606
993500660
904071676
933986882
946412864
931867588
907477022
770886977
930782707
933777432
940615032
946199686
905102843
945966767
940105807
883238906
977846107
997095968
915119729
945211449
940230264
943213444
990619465
955257247
996273156
917400960
943311786
883013310
948966585
884687170
919721633
911955717
902897242
932991892
942135451
993612586
900979652
770278586
942988525
937401916
882979595
973582782
930498558
932481123
995710758
904296008
997851292
934104924
919577898
995871092
886704433
985756390
930400501
901756584
913107515
919996879
935200794
948347907
905848247
990658638
918311186
978923595
950523122
974718386
932317318
946473952
993387814
900766522
994304975
916080554
916613818
902916576
944134440
919717570
916097679
889941161
904517151
939916155
913191398
931464286
913611828
990384305
981707506
954801706
943071938
940740008
940022902
995178749
973032272
931213507
904464523
551087804
905835201
979174241
975555221
917019901
949278491
939753363
974321760
330360126
995962792
912288510
949228079
978132218
901640815
935301152
919241813
889151130
941190607
907666126
997555602
881211291
944014093
997832213
950891409
919070838
992308703
977532452
937234445
940025686
944755534
915443017
995091007
934322931
907119865
957797295
939718212
996698681
937671555
908727215
930825756
998792559
939888055
998686345
946311957
917157714
992484941
916666783
997767753
950224023
945042554
995898379
997940114
933936877
915863011
939410598
623053943
914555814
993198686
880759795
930636954
905975863
904680430
930362332
912831051
915615882
936187987
972410131
991783464
888300242
915400818
908910688
913913493
934598545
912247445
943225322
906006015
907113390
974361596
913552987
692279464
913215938
949130249
991651016
935618602
905231162
913203500
978013588
940011718
996837191
996067046
916495262
944279600
707000214
998252675
950367974
949418302
946156063
940805678
937213568
904147425
911414778
998500954
918109535
882538984
996230566
933392358
999645906
977776906
974030083
993633988
993162544
909070701
999607070
883302250
905943735
930077683
977926696
946126277
933208364
946311299
930876511
933183081
935434455
937497806
910328292
941805043
913195767
712904962
903294623
888392025
997231557
953440682
944171933
912109213
947965454
623652670
944203586
915208851
941578000
915851601
882601151
881776777
904193898
933606989
995673538
990571784
903839313
901531607
999799356
993503646
942276474
936024560
885593006
949180711
991517862
902308013
949726484
909208685
953430607
911405477
991052891
952774257
917128488
998234054
994850057
908612590
952229583
913204122
913190711
947940678
991815706
904578131
945342593
903013635
913159422
942224118
942896029
919601887
935949933
909281889
919090088
975511965
959041412