994637764
917632256
990417430
934076595
996866943
914461200
770050279
974555358
936326034
949364361
901612383
936335299
997744711
974022115
907622256
934999212
930853085
883809531
943825252
999051184
909730610
930692449
946174184
918100983
982735007
993237725
975996252
957882244
935991077
945096825
903400552
943052351
902513136
933006269
973068400
914472174
934091986
955560092
944796160
990387643
992029408
916005188
937447409
507042152
931867222
913117367
917752555
937192040
916506454
904272596
904258534
957474012
994243935
993337047
936768595
883133494
907059549
950784111
907630910
993942499
919558589
935310477
904161444
919736610
992930957
993577166
972255150
882527003
992941984
881511022
977417846
992207390
946405056
907470667
945672151
933029484
912334410
919238501
998385825
941565202
941776204
975669272
916711226
933689589
933047881
977058274
883157686
886300065
949597772
914083522
995860304
938776066
939291192
975534863
903666998
996866160
930640167
905320503
979111367
946611503
977531983
930940790
943584409
942650597
881961999
909552204
949848787
915090509
933787499
994097449
959911985
906271607
936340818
900731951
931459891
939559288
938178590
997740751
938460094
957379998
906022513
944228461
712474104
998079494
914233749
902431722
992145041
909781767
942283700
889902028
998643777
951630045
942553717
913518988
881000800
913004845
901468586
994439957
946238411
994488443
949880162
954801886
991493182
932377800
907495095
918023031
934036765
916756598
992192263
941744500
902866212
930570355
953109464
916121462
997005103
930751952
334776719
933499407
882998582
911409080
997732457
992651447
944027726
914537537
911229414
943087961
911612056
931187590
949968220
958708583
914402156
912226618
941351312
884430818
933840088
987070097
990401986
944015414
978955052
931663590
888151558
945242428
990714687
911203110
934635311
937832505
941271525
903769211
912510790
930651386
917181983
991985899
908994961
933789178
933205451
916992720
932002081
949219294
915011663
940916668
935108967
880251509
992242051
889500068
912954500
946530782
947722990
994109395
770089985
952121417
919442873
908606163
972222980
936086878
995492385
903094565
881921102
901452209
978321016
886548587
919083232
913177297
933550288
994056590
978048727
900263828
975323376
973178088
937097577
958025767
905129197
944632324
997068828
901934136
907202727
977768061
997128770
939922680
931426650
999557353
908711031
885141618
919052296
998272828
880966303
901676336
995736307
941447881
999240050
911701960
772621392
974360910
907333059
934093740
904423776
937468685
915248185
912504663
990300915
902227331
901705191
993363047
942014017
953555054
951292577
976630711
937329356
886125906
948229490
905722590
911127660
991461686
949319888
916970044
942760919
951242013
941606065
977051884
930957855
931375564
919223308
906312892
916888765
943386502
994128150
933931678
936950498
933037310
990290519
993520285
936302691
712072970
886336502
933480853
943219101
917415956
936848384
948601685
942712234
931878070
937417075
885808228
913104601
885156949
940788984
915940919
880680076
885220789
905600281
903558003
914336757
901742199
888020801
950742783
900102685
937742969
997597910
882010403
935410747
942446748
912892525
997139291
931142258
951054781
912155914
972228194
936068605
977317389
905875514
934630789
947451205
770450190
955022978
949237500
914608186
995837175
939293993
919588903
932772994
943469091
940555121
882481873
940723005
946727890
907078482
942614441
978007676
958215959
887921080
940461311
907805024
885264800
991239828
935832883
934719108
919648349
978786108
505033055
933656780
903380625
949923404
974758777
930857779
998067572
902093042
905405701
914808304
993771033
939681121
905286167
557022207
946738815
932542788
993205180
913251144
918123089
944869083
935403308
948026663
991627060
912813889
995371657
944930108
910413007
900554745
994596469
907647775
943330824
945967228
908091964
936938788
998991612
947093012
881620788
882156560
902000621
979589888
939888862
917710802
914102809
777012627
901654012
918225351
938294848
914722281
946072010
902703385
973125602
951045585
933550393
930583895
909172385
978074047
948260605
692240700
915322234
935408186
915238169
910448056
948573797
947479200
930430002
931745627
940609114
918109429
908852125
912305021
911128903
933761513
908520993
970502100
99361654874
936821281
905402434
914205756
912975665
948662018
882851402
957729553
948341794
997270949
941389085
907667726
991826261
911410470
912463104
919400267
338859196
946722059
902973747
914039032
903088160
934968920
919929343
947281954
904447318
884720282
906133000
946958882
909832203
994380787
939493934
903944401
914265100
942921813
934999168
933097969
943600730
951002075
983615480
997272262
902744817
990501775
903603025
934971622
943543484
945385515
939954010
973211958
981231006
944126665
883018307
941580958
931315585
914634381
915522904
885988300
974647668
912577386
915252799
997353059
953998279
993431318
905063171
992992709
932114112
883203330
997308973
941028311
948493174