992440463
993389088
500720291
945476365
991081453
951052355
944797370
975327776
990718725
991469066
906320957
997950551
909560489
949725666
901836460
948729140
915771279
911173818
906246682
946150774
911921463
908450966
947472614
931683885
912989469
991438044
944396461
941909332
500010323
941859045
943665457
908771411
993835683
996055448
991452235
904085747
994998722
998613150
692275014
972278690
941733020
915831824
946319002
882852731
990362366
905047427
945513456
953382679
909959838
755234030
931494647
937474574
917755853
998803692
993518482
886695253
941518905
999605398
905557424
880078522
995551673
995003288
940502609
930595976
943347185
937178492
712588426
880857902
933727929
500740550
970508212
995273317
919051207
945261627
979101410
936838199
931183936
900724898
941251861
946316603
939375052
889168700
905123535
946332061
990027800
933594584
908841955
958050572
990154276
911710711
995876160
978983433
937965952
931511386
993828179
991729977
903915686
973166319
990927868
904277739
944649222
999465748
973417443
935168386
945898470
991090165
505071471
333667275
976512499
944976440
940402376
956272387
943422722
935765955
916123833
994439232
934832309
915872385
990646314
996300213
973972383
976391484
903861774
931078430
885507799
883860606
901224936
937330082
937260109
712477838
994979290
943651875
777277181
755211187
946610593
933638644
995858561
940773639
908396518
914077224
915991790
935190584
997089188
931468495
947022660
993828296
992509528
993179021
948922193
772852014
993324071
935088298
918134747
912494010
948359085
939999402
978926068
712954840
950522016
971271110
934991179
998231447
993465942
910080059
944801704
973038222
902800658
916481602
932234706
978162595
901210158
914682081
916291848
931199053
913156030
945948600
907420580
997375806
956462928
976588784
912917472
942925333
916706342
991351653
913630733
941008407
939632118
973189963
912868124
976276584
951901713
905245980
905395771
993561084
934812297
991088867
712278464
919703881
937176744
941725755
707226608
946756777
932928088
972775390
975077058
907180816
999026166
951886891
930005440
931791884
908129512
991657494
990266352
905660670
900509614
933379205
977111345
912220663
940411809
994874742
888374333
959201984
910598392
912203957
948382729
937852765
930763397
993178480
948050014
944004087
971298180
909457090
993852067
938810285
912305097
946488285
500013495
974157737
992400618
940477550
919526315
992119290
913241683
933443001
941098988
994403365
712573008
904605453
886829202
913004594
910463662
958112061
906550592
990967433
993019061
947576333
937620579
935141702
972430487
990391320
995991947
942147696
942888329
942873141
995576798
975810293
888491103
915637186
905501784
956006669
934011706
977498890
911258386
934970885
901277075
993808904
940200057
993580321
938384748
951906901
908659407
933106604
978022988
912163520
934871499
931099518
908692204
553029970
615725477
944429277
901019453
913202423
770119868
945107672
915182135
882453344
949073405
881919459
994523903
954008015
911055446
906164892
972309590
930679290
979810971
939846121
937562787
930905885
972918448
904260450
992802125
912846041
551063096
946370407
931384540
933168715
994087824
933192631
906755980
949880004
332764344
914599134
997210456
945552292
946862616
889749790
944097983
901252791
902972823
914183301
974482121
950651366
959279495
903789558
910742534
934981893
937288379
905570637
930590305
935423454
943404142
770809043
949996313
996314393
934417119
948410303
885249484
943307079
930379279
909317786
931752155
995032718
941180090
981700204
887530949
991539717
908706203
934442278
952522017
914969607
902993342
979508217
938008197
904414384
993496007
939436301
915805059
970075863
932181059
901511048
953329395
755225210
936033178
930722088
908631195
930486068
908858782
979135803
911298004
937256572
946429259
903879535
970511470
999439087
999610492
905520868
944810488
883721977
940853747
993047300
933490020
970862980
946678535
912231023
883159294
932476048
992520630
903490748
936807730
915503078
913841217
918871958
996779381
990996076
903105807
937272616
949232149
881836900
755210681
505512724
507549095
932488622
998730343
912310089
333853396
904010116
950613333
945769187
939010205
940750015
908802554
945531063
947048100
937855944
901544460
997735757
907797576
932210531
901794170
900598801
993178387
882780778
990324943
947733735
912198667
939566088
903603358
334180102
915178993
912887248
932936500
931519025
947668519
950083383
915660111
933503186
941931057
943686605
935711703
942548883
939470469
881050232
trunk
907094280
946287128
933702296
990179601
946118288
935838725
945444343
770420445
910712963
936801743
993802405
712733128
930833652
885931956
755211016
939316169
993318306
907143673
994942208
998948910
919240102
916561012
970661264
905991044
938355009
942700981
911767907
942016874
973582835
939268792
948552083
919801219
906039744
770609887
938920017
712573746
936456159
940109330
906120127
904289719
996722993
770051523
993633143
937567664
976571387
932804122
907607093
712499031
942003170
977626373
947859405
947870390
991549280
500710090
939281270
902926964
901733550
939136611
941144550
935161520
947080361
886386301
950019096
978968791
914480403
900302778
904961973
902843357
991004946
902140921
908837305
919633557
902664324
916452110
900736567
933862353
934611464
977144006
998202820
949168701
900929791
911782104
913960064
909158988
916641109
991318517
990930270
973125666
930796091
941101868
505025590
972250277
959030118
992970287
974757737
975491199
902742721
994770575
622255700
941543202
906238658
553087470
905853095
945065131
942757241
937810191
905725024
979150579
946629004
906008172
998702063
998332477
904074402
975321952
955956900
919101054
940422085
932671693
902767959
947550466
918992971
882837711
952770589
944357574
940445509
932009481
990998516
905395003
939338051
942193431
917117768
991796085
931770164
901603912
910626293
902748489
937328527
900598680
945308333
888060986
934849049
978834111
887883006
888494996
882010852
991358785
976452582
952444551
909762064
902394844
938731104
909555583
902246111
909414980
975516537
883108186
930792388
931607290
935455255
996334714
998504765
992810802
945954414
913803877
951650588
971311916
908547430
331210233
930505389
906062670
971261786
933078850
993018851
995064455
973743030
947593435
945041414
942360993
934604651
942832781
912115946
991286765
992323590
935877477
990347932
901715661
948110795
954447576
959481985
910743569
933344205
946642733
930891973
994681198
997898994
998729160
992170428
932110954
932919140
905833564
946653202
995352873
907761328
943170735
910365626
931435852
972509966
939134948
911774144
954007171
996668955
972131262
948547976
991445094
999604485
612243352
944529856
950765485
915165556
943596555
906149585
914113134
886737733
903403540
908840386
916877767
997365767
993033136
913744870
952282527
908467949
692245456
978119115
881374006
946440187
931064302
992898708
972005543
901937270
770957939
722222366
934816760
937183730
948212075
933166872
915636707
948385550
943349424
993972878
975451943
902868698
931382829
937821254
999068800
957702127
915373545
883272611
996262085
907441097
971388892
940386676
905671399
885102621
997908791
883018691
993168808
937659087
911274849
908977686
946542700
907522012
941512082
945510894
958478680
882362762
889331878
885863489
911480061
770044085
932703183
935871193
905393977
944757679
973982588
997960782
953002121
934489313
990038433
945045137
997881870
937461619
944143315
999008208
937779460
951721360
909246822
942400571
971781867
904622190
883518177
937686555
884201942
913225328
911878454
944658747
888400778
996128555
935075403
994787776
911559396
918330374
976626252
991128813
957470901
912151454
919419903
977715825
901315335
950110633
915097990
916153735
911978186
935073572
935664669
935070089
998461956
930934114
931672093
943442725
979696229
973137652
880128789
934998401
902836343
936670307
500724005
932599907
937562988
950109162
910324363
979168074
994271721
990751354
653641718
977895056
930481493
979366367
950253176
999442403
959010791
940852906
991879028
937231712
930838007
905933294
946588984
886068483
943318891
972211769
973012824
972759896
917140983
692216859
978054115
935340704
997767372
940940491
712430670
931280900
997740305
904496191
930958918
942723330
712909291
972109062
933020402
999405647
887342023
500060792
939680494
939493767
886650997
501089647
973187747
889100560
938178590
505061617
331630998
992821866
999785895
941943887
990431956
909576842
912031713
937246044
905171817
911482950
933532128
931508930
930535715
936422727
995096954
958093889
904287900
903478376
915007700
990421805
949920219
944940580
979333270
952201392
993991241
772867574
903656850
939279916
990530359
936716308
981552722
903244905
911173027
933087091
947910027
912842474
991666491
996239231
997562728
936439107
911435112
934107550
999246624
932047594
997146563
999103177
993855420
912912013
943675514
885868977
939671658
993348567
937884838
936271407
971380408
652226093
881119689
997184747
991692894
954803555
905153835
950126971
914114040
932340554
881112861
935095919
996557976
936311660
946504262
932952911
916242169
910803083
979241078
917094688
997135575
974741874
885534003
944336609
906741671
949353585
911294059
933652965
936022265
972860683
901931180
970730370
900388414
904416503
912331376
930752514
944766760
940765552
995948325
932569469
992111464
991332919
906374456
936032444
973190722
777090775
888771663
501028986
956761961
882857864
970763434
999844278
903400044
770111289
912107890
905761451
888440780
931877368
907698801
948351782
991351324
934694607
903936763
910572454
770807501
998279506
933826262
952446007
915653882
905654921
975101676
907185658
977458285
908345644
991264381
944143440
999790298
944450318
918111428
937532739
938971486
919207545
993424261
973096468
932900958
991951156
997955821
919187949
945808070
910354040
950928895
942020982
652261755
939268289
900857919
977838801
902931756
998432285
993732457
886356585
993651053
996210388
911995454
911555418
951825115
998438785