972369505
932231418
950464000
995413888
886169187
999563522
792100488
993021326
918140349
882523275
934421912
995195978
910346468
997548582
931666718
997493233
931180748
940985510
996574563
916861606
973932024
935331945
905525657
931086705
914225357
997545171
974557121
990618529
945268007
931402574
886180622
940682181
906689001
772512155
978118885
990710628
945719000
973609444
939712311
505737419
944198820
991691168
941313733
941367337
914307005
943834681
772663110
979255445
334385555
932310802
946800785
932310862
998431780
902542939
942815777
950224041
918107715
914420293
977558662
948022657
950920719
996365245
979137515
993439430
970372395
915550933
912323085
933593535
932223210
946707784
993717706
930712752
907183658
883073536
948308595
949196989
884912000
939376907
655827463
943843932
972901482
997478700
992048000
902025857
955539804
979986106
905775114
937678488
914726691
976710597
622255147
916357080
902290424
994004375
994574628
978406727
770780940
882891022
943821887
991599853
941755950
932185171
991515566
900786878
931016480
906585193
946056506
916683364
938860551
908804877
904456342
915680226
934900910
945875995
903134131
997991808
934751391
996849531
939096092
933234944
912054616
991400433
918825295
937623730
882258985
955551941
973662724
997430954
914802321
945963832
914600071
937154402
991447044
940510855
901033021
992501521
915797739
949330706
707225550
956472012
906066502
979267037
902293859
901931967
915809011
949263545
907835570
943820412
937709383
904621170
907472875
914587869
905938211
331721571
903431435
934552487
905046091
932283237
881021013
882251513
882513737
911269382
992447545
992715055
931063152
941284547
900150599
933408591
889078784
933551676
947139294
991830485
999404069
994450060
970004881
982787077
971931318
945560392
907164003
904475339
886502191
947887337
888260330
946729778
973012896
947438300
912476428
990787673
900092012
916904284
991742762
932938690
885059190
914668983
912566469
945774143
970219186
933281715
936232327
942171487
500098044
934343604
917552577
933481530
918318763
940889204
908823737
932388667
919561320
913221407
973857803
916107950
990858345
937699007
902271960
994024245
998725063
902902771
995812290
904771053
903036642
995096309
931274446
901737885
901342666
995850012
995258173
943692029
950310443
998099802
950191565
904086819
951050540
910600171
908389999
932204730
79500131096
948120790
907784156
913762569
997482759
942123090
910369132
919522125
972970780
934698211
959099985
919512944
948102685
554029892
941420128
943813281
881028711
916331525
995858546
995279076
976862186
906969101
883112279
939469656
938525666
886232015
931217481
940112678
912179771
917172789
919021468
976000361
977958083
941207745
935615161
934560456
939616067
919516921
910483832
914736366
951110688
946160759
903755151
947760212
903606891
915552424
946027563
993650740
932940560
973655001
907590350
937978205
950151089
907951989
558077576
917349011
941254373
981101091
993308890
906033324
942818861
939192684
936672644
756121213
979087882
990576040
612250488
983030430
936504015
552017118
941770665
903867010
910747079
917573181
943380636
975780679
911973252
905801578
995705312
999471274
907671950
912017488
934050718
907565722
991628581
941943971
945770470
911412062
907215727
915151944
998911505
902102527
930896384
908795457
912262124
931933757
993105960
936870254
939487011
992857883
946752271
888941605
951178889
996220079
971669496
957768308
990225964
944472860
914161585
916522891
908934785
906161882
918134386
888009525
918441457
888922722
712265552
991554829
880202557
939381165
781202100
915137868
991081895
939788819
950827722
945166225
943570310
905618950
931178894
902215008
902874323
993860199
940296164
934462309
990681123
995031678
992565573
992146968
999068106
995159063
906395359
972538493
979987155
883831232
990654728
919018140
902053426
998671763
911196683
941585059
942522282
942321472
991030811
958981144
975208196
907228491
935512444
994455723
951630097
911957788
940081804
935426748
777059395
909445106
997077258
932067696
934918118
908083201
914751659
939090982
913280424
905193820
900708137
949028819
949333433
950009398
991386658
956500221
884083386
712935073
979502248
881202720
992538777
976516191
990611633
997969485
995904774
993036090
994413089
902260725
934332346
948411271
950502714
942175704
905027668
970707728
904014466
900709038
932367513
934801999
911095150
933142906
770300511
934183575
888097637
905571567
904430114
936879717
932252063
906869802
901983473
933945727
973759004
904417520
935416103
930796807
915029016
930532914
941255355
501049688
951192878
996811956
932139803
770182869
940541199
976371500
945840041
764133564
981101541
940703133
990790292
908962905
912320529
902078985
916604993
916557900
997010705
990279366
930498700
999061125
978457292
990980136
906357508
998747920
908406009
945893164
944284636
933302107
992958188
939820360
903608406
910572178
200020546
990236904
944240605
934250519
997515305
935124881
999224116
945001801
505034845
993128267
906308220
902940882
976364110
935244747
915099168
912384849
974532757
949471044
904078499
934580574
991207728
990595397
909342970
911786117
931193996
903372807
974689474
916449408
935512553
975259001
949222790
947583836
947970615
938598307
712125728
995717103
888032898
973490343
971110788
905095945
995949634
972226828
934128648
939447887
990617851
918151058
951822209
907073077
932143999
993495114
910058819
991742733
914466655
914042555
997514490
997739606
930431627
995410356
978063530
991359017
949195424
909500368
998447958
916585540
906300748
887087174
933653779
908804269
978558787
910485698
937634341
936983072
770787688
991308748
914577077
976611979
918131011
976168001
991138594
931641821
996540774
930963999
903752181
932215155
950291990
943816122
934556455
999026578
901936963
880100576
911199154
999601698
944137001
904688009
941221967
912180096
885505519
934028792
916087121
937776501
956998607
916730777
973921964
972918965
942705056
934800775
990977803
971139200
940274499
990588789
974161155
993848850
916796208
905616393
934765161
901586265
945493048
909125267
911380848
945347949
946846398
945868189
909047467
945744748
930595382
940108005
932026564
973500204
990871848
901193907
974219002
943263635
888986939
979088687
952131884
905830385
934751064
975551967
902936939
953838242
988008223
937154188
911796361
946520481
883127205
931323442
998434979
944791616
884562919
880250324
915034344
979874022
918332860
887158388
951002679
997481487
905870001
888444620
907790179
916020252
994463199
944736676
973140247
901630420
918692670
902672422
915167622
935704114
880295298
702023323
931630089
914100228
903837573
908969505
971531077
943441199
913465655
973268003
999005051
888733600
948425602
884588890
999884569
949957018
971950059
976501951
908852767
945440508
994308722
907201345
975872733
954466065
900664667
931067191
889301318
911418101
936624570
996508482
939738686
978060997
932360956
990781582
938210881
930005463
933691901
971574149
947546868
954641555
948773991
995418383
913581204
948650110
935871688
942319993
902102540
988805857
900155779
907717648
952229269
995525725
993542059
992210278
991094454
939208884
953309687
943185679
914009035
901510927
973688004
993785685
948775157
930355021
972752112
612263308
912985211
999902038
998456345
951171168
945291956
990001457
907110875
996821763
974181223
932293189
939495938
991065486
933182389
945680097
995896169
932238486
881788900
914481016
772732428
998845077
900650809
951174887
778771779
996738664
992907601
933160618
990027877
913242800
997029921
950251591
919555618
977479203
991069206
559000834
941048808
998095208
937582121
998748247
938837579
932900768
902449504
972772880
941877835
917366276
889306201
915955768
931400031
945385610
990523730
902312030
978585090
950167612
934632577
973124285
889079755
911197171
912959540
930985589
996678137
914454519
916515400
886922233
979431519
991366713
915666213
945100678
902892658
954348485
996028797
934444558
883080728
944510208
933101008
996017019
918997005
996599089
972790801
973870125
946490811
993434100
997595647
914550500
917109676
906751419
991005530
976620450
957302858
945213870
944592505
889255771
902917730
973733424
880097375
995410111
971241079
937630913
883711135
935405216
975501885
952101393
931383717
886007173
993336864
918321290
934222367
950637310
904168600
915537349
946156557
902285833
992767980
972736364
999454471
990530035
949552292
994502196
944914484
934408343
937104050
976171368
941931965
931372425
931750009
932666811
906553006
911249192
919893525
940896400
917091886
916283181
943393131
902281773
914720421
996213290
901632696
950619880
919774546
916666973
932008224
932965967
770685656
992507773
905168684
997262519
996911133
915221858
992914141
904575920
973239799
944784769
992811505
912267724
904107834
990930016
934397787
990960085
886745058
977205200
991926669
948681766
900103801
931072960
976980323
915498786
911140004
901655351
907239717
941128868
930833857
974153553
935201077
936155610
970151218
936839089
999145989
888956667
712946261
652245608
991212859
977251304
904654171
934538394
942714805
930618820
999132102
930054876
908081014
990258969
935525472
906451808
939161373
975687727
940066675
913132014
883820029
978851019
505791708
991865808
881503008
940136869
916401313
938688847
905520868
888101861
932659449
990909542
974025247
996322667
931033041
932940490
944062720
912180980
932319149
915818765
905392072
905616468
934724740
998668690
979526888
948890777
912572960
990902136
997460273
905225508
908103440
930636292
945187878
933408855
912414340
941927040
937240457
909910611
553025666
997418575
906565777
949739474
902019678
939985977
949427525
998339323
917403838
977200784
979890058
990964983
900554530
919608793
942422578
917886090
998170907
905407308
997175154
909143362
979238084
906694956
994031615
970725515
951350893
907527248
941140227
990563721
935195222
950701217
948250255
902819262
970302128
911203862
755838860
990083358
995241755
952447507
997978584
998201286
953315144
907810252
995872597
912288531
991198901